0.428829416078
0.466764204316
0.398007845841
0.318441907867
0.353444178467
0.517817425491
0.455862097539
0.317515985295
0.514045455477
0.439521117876
0.435553164184
0.508896991393
0.281826004113
0.286623300254
0.413684424413
0.415278490341
0.487868604666
0.126481736791
0.209910189607
0.287323302481
0.54284512056
0.257405594308
0.289079737799
0.347934280932
0.529121700627
0.428274321695
0.451410014515
0.286667296284
0.325363059092
0.434251462842
0.511506313235
0.382080757167
0.439993950785
0.239370087467
0.233642527237
0.622083171283
0.30283643993
0.3952809455
0.613712970385
0.469518987669
0.550281076597
0.461622745594
0.555051116756
0.543487487465
0.591803990968
0.374035753401
0.416580538736
0.364519499332
0.327341734674
0.282468389521
0.352764334927
0.22225157337
0.477252119127
0.400320686091
0.647585241877
0.360633378793
0.500226575946
0.546767548765
0.518166879558
0.301635821349
0.493656982402
0.514929001479
0.513135472909
0.32910362121
0.208580972138
0.459451890502
0.450030453618
0.427653724234
0.425514007948
0.586337453807
0.473052057469
0.414075938313
0.416228914416
0.51529000146
0.380660746765
0.418115598361
0.598377205936
0.473082389746
0.40358524776
0.516633498317
0.449471981194
0.381868597894
0.501106414118
0.526814263868
0.571738826898
0.372163837978
0.286424649139
0.441209342968
0.421739918504
0.529641156892
0.607836660702
0.403103131708
0.330257768581
0.363739619186
0.342272272761
0.508193106082
0.506320564906
0.542036903127
0.533539467934
0.43936309266
0.235558327713
0.378408969033
0.460034731363
0.564786912658
0.446947261918
0.404088969511
0.246134153829
0.242977425358
0.398747555215
0.535699495679
0.424281802371
0.452283453831
0.2063494379
0.274268560987
0.387343094489
0.286142541883
0.429054437959
0.541157279275
0.481503439866
0.464624747972
0.39274648015
0.491435569349
0.491762984099
0.450492597899
0.467860625918
0.438975235071
0.325598715165
0.510139215743
0.533382237206
0.456788950805
0.395273332218
0.270310571884
0.358030966872
0.538019831362
0.319503946962
0.591886214151
0.418546392043
0.697862878023
0.330514810768
0.334847291626
0.514313617946
0.32236382739
0.557487441595
0.490595545097
0.503072675293
0.289361719195
0.346556876598
0.357582023346
0.498281858751
0.258506744526
0.372246187695
0.385328897914
0.389058637533
0.380033303903
0.4293083611
0.479572268399
0.208420021498
0.49063627855
0.302535426703
0.311422404373
0.530725857138
0.366779083955
0.321287497093
0.478506841386
0.493824996017
0.433993439051
0.310088284513
0.505066894195
0.3470865248
0.469883142723
0.313079016893
0.284274886363
0.502548494945
0.546775651405
0.384382893474
0.43486297065
0.380056073326
0.425529386037
0.301453524332
0.238503432465
0.418863744667
0.599437327498
0.436877724275
0.421164923911
0.314724105019
0.458952686693
0.433325493342
0.611813264424
0.391787110286
0.4225716866
0.358658366677
0.312670364796
0.463950727008
0.573037339743
0.404453633709
0.370641843567
0.503972667633
0.494581447949
0.410930662979
0.443554977559
0.592488016756
0.344094977914
0.456216886995
0.559899862913
0.502442740363
0.370789587941
0.526320964116
0.520297440527
0.442932498349
0.451582018596
0.314065807911
0.481895312055
0.319920990261
0.338109848012
0.421421753913
0.439181503148
0.477595340547
0.448774697819
0.415549996823
0.447086717338
0.559036578808
0.484708972006
0.46249890371
0.231534104966
0.396928015977
0.553436229592
0.408976778239
0.311865290242
0.339455449756
0.348644241426
0.464254370516
0.243407069677
0.593795450151
0.574840477437
0.444366430262
0.298424362092
0.494116609945
0.522603271562
0.451088045045
0.362572406669
0.535226544526
0.319763725884
0.507588896399
0.275157907687
0.356853006008
0.329118762267
0.259393726001
0.507989398999
0.261554510583
0.4378613524
0.600548261275
0.48852439766
0.543717331793
0.404056315899
0.408982809105
0.400295605239
0.541630448775
0.585085627599
0.367134720969
0.590419863817
0.365390208053
0.429324796026
0.248602954977
0.45951392683
0.312224970497
0.448362899037
0.379499508403
0.449107670388
0.356679446016
0.381915691165
0.58954865748
0.431990329955
0.517152301615
0.553781982628
0.326342802197
0.498270721175
0.564234579326
0.549596832188
0.47131237661
0.378364243629
0.378149188717
0.49958587876
0.448475928913
0.32707027705
0.327547904158
0.30482946809
0.31551392362
0.633135905532
0.386326475925
0.483338061012
0.268077098475
0.33707081324
0.4437923017
0.570719920726
0.464530722008
0.399665424002
0.428758124678
0.523130263556
0.36951110713
0.169826772175
0.39976645133
0.40710982342
0.220722041098
0.377254615471
0.314538545947
0.360562689687
0.372344813949
0.345857464283
0.487596621576
0.60072687117
0.559416906829
0.411908759408
0.5622712549
0.203461236691
0.748085294941
0.584669629484
0.348676598268
0.491800548069
0.410409199355
0.396141992534
0.363709691405
0.541553873681
0.337844217864
0.332336997802
0.277830679782
0.464951733139
0.459744030492
0.575663613638
0.411873711602
0.48782534709
0.523200160054
0.584423211867
0.454459237926
0.403404792134
0.461663366344
0.378663316054
0.516789124888
0.494854891799
0.597384902302
0.414808863951
0.352032812271
0.55375765742
0.472341703638
0.424298101296
0.214241028802
0.310946425469
0.42737036202
0.627435708528
0.304916392931
0.466324236317
0.242439858698
0.473168640264
0.270211683474
0.374856711698
0.413308010005
0.458220389427
0.556949671383
0.381193224172
0.458063196203
0.430607232022
0.390669536494
0.475285881991
0.505611086663
0.675571858046
0.435660657216
0.43521077471
0.4528388522
0.436584438719
0.288956473226
0.309446198275
0.436442071283
0.258357202948
0.553709759423
0.318870432684
0.281089052564
0.568247347557
0.452529329987
0.427723819722
0.362928904602
0.335589157962
0.239871440597
0.553554373592
0.337946919018
0.290798576356
0.612383317196
0.288518747501
0.557692291094
0.435546479417
0.582507300671
0.595792949596
0.436935125801
0.578594572605
0.461539618427
0.43519941655
0.498209309455
0.551234443353
0.282174868624
0.373035528509
0.295238547011
0.248339225438
0.297277255736
0.626783570333
0.317736481301
0.511931268084
0.390674230251
0.217870464366
0.440772159338
0.343380268108
0.482182887864
0.462934381111
0.463661031283
0.538651940851
0.521933979158
0.237836764326
0.416396573776
0.467568162794
0.480853096921
0.294986591001
0.37503628668
0.397258615202
0.284121373777
0.445414688799
0.385785931957
0.186257242359
0.335346366609
0.598464576272
0.418256465181
0.346938226976
0.47493091781
0.371162676588
0.491072745797
0.293518810364
0.249099861546
0.453810708535
0.343891191454
0.506603015921
0.579261458484
0.31297044451
0.391589685652
0.414268004959
0.397910208888
0.542461565501
0.482765521779
0.413514796603
0.420384918633
0.641085208146
0.37238635687
0.663276311887
0.422748991898
0.334737728058
0.489000310519
0.37768436434
0.319684503013
0.49476138571
0.372899352645
0.486036752193
0.511242031648
0.280101363942
0.491093032847
0.478149478068
0.40613284751
0.357677018464
0.346594744739
0.479836536444
0.620732794058
0.606397281228
0.422385401772
0.664699091312
0.218534585858
0.51006828556
0.252785396226
0.342301519341
0.503829562665
0.437460397432
0.378749885023
0.26725678726
0.5480236082
0.311229911211
0.460180153917
0.37648272582
0.267190406868
0.596956293516
0.328513835903
0.469851372001
0.499423038802
0.366709885965
0.543786472253
0.423706826209
0.387043816003
0.41963576601
0.275620219348
0.4057673114
0.390984439492
0.407978243103
0.651691132014
0.318431945647
0.424971941242
0.288200873226
0.240974684818
0.235200145849
0.335430547928
0.570134299268
0.445443474987
0.461411091139
0.506332107038
0.379772493988
0.498355817539
0.489047198627
0.517473211764
0.270665498286
0.606778660216
0.569675989443
0.5183980592
0.414849139164
0.332916191087
0.613643285958
0.268573870331
0.369362472907
0.437910687188
0.34602055384
0.455734139275
0.281802280884
0.511693233015
0.406325062544
0.462110633391
0.289786395254
0.511464952136
0.431707630472
0.398782518265
0.324752663524
0.56616718337
0.530861415505
0.467532270127
0.482918101581
0.41692048545
0.444211973034
0.446293238266
0.572090044948
0.396882647553
0.531077052164
0.315656018395
0.388358631842
0.190995457005
0.351890319328
0.50862052523
0.473591213308
0.421591843438
0.59495373783
0.593304069483
0.455205678279
0.463563136373
0.380108469346
0.347866711615
0.374717105589
0.509766365337
0.299732720541
0.533373980518
0.463257069129
0.415542799131
0.209946308271
0.418678536665
0.379040161905
0.387967150148
0.460992287895
0.336589397011
0.306676045806
0.630103062364
0.511120536825
0.414187591288
0.511955000152
0.541008956758
0.534115332924
0.499653108541
0.564489108482
0.665107467199
0.418683881603
0.283973591638
0.607224195259
0.298807213017
0.505365089079
0.70403882733
0.383530620856
0.305972753863
0.6630438608
0.354467701042
0.303199920483
0.504511868017
0.32937258068
0.499591346763
0.436508621137
0.270321773943
0.365784376287
0.727903637337
0.362137831068
0.281863534804
0.522104438147
0.324358666757
0.332615166222
0.609376545337
0.498191500482
0.161126715466
0.476094174699
0.47094854877
0.53701155563
0.431003069002
0.44978697786
0.447320238153
0.46451783359
0.480214706123
0.312085466224
0.469935755002
0.353780403793
0.361160464494
0.42142986018
0.501628338967
0.333014513405
0.600208558559
0.333025300313
0.392544147488
0.396383826192
0.46099062691
0.528938730594
0.343772440243
0.289208801324
0.295485493662
0.59113730194
0.300297614839
0.353298232221
0.604153061252
0.369098121716
0.671441484155
0.410705632201
0.549036794215
0.564348993505
0.462183110427
0.210177645886
0.228359048603
0.432427769578
0.468484908186
0.255622238009
0.272832905528
0.318604900201
0.366332563062
0.353821372241
0.457963698736
0.564689508184
0.560882878539
0.404697051927
0.368234900918
0.447715819623
0.453121302845
0.455166231036
0.507033957739
0.456402764418
0.485944277865
0.378207966756
0.328569145096
0.519267573491
0.434621118946
0.379850725112
0.422649546062
0.34393942725
0.48783007019
0.366468030364
0.378489682765
0.357700378702
0.533477742978
0.558919647581
0.487384715678
0.40561633805
0.515065035317
0.2008637381
0.354612001348
0.594353756645
0.498300190843
0.33334236901
0.556740212628
0.240606553817
0.455542369018
0.553219517255
0.203437232535
0.505278923146
0.431880781081
0.323501497682
0.435988856277
0.408639672617
0.339744754871
0.632840939036
0.405657770068
0.324565999578
0.590965957968
0.416247858822
0.571849354468
0.385076396793
0.56646210903
0.441131410142
0.464619275954
0.436854915114
0.443099157287
0.398601212433
0.428049661273
0.277636004978
0.475016966376
0.391205655177
0.425181704142
0.639638552149
0.490126453382
0.336369960453
0.483387560907
0.361036834697
0.468812821133
0.403696614391
0.424833159583
0.461929619726
0.374226068669
0.641847191811
0.632385701643
0.478418336026
0.378162597743
0.638692703826
0.362708090764
0.367602897762
0.113053854393
0.430143530456
0.331596111321
0.384814573646
0.395319362176
0.396470652077
0.435670732362
0.540176299949
0.457139489336
0.415796037919
0.550831125198
0.443000478856
0.397231338672
0.354809856638
0.299061575122
0.275115772631
0.449865577657
0.397984567835
0.554888574198
0.363511692796
0.435513046043
0.397422497181
0.460631182321
0.474572629398
0.445037626798
0.240261927227
0.307182934995
0.419378144496
0.463575999437
0.399755024648
0.345072517831
0.438040878888
0.411359015923
0.344649814056
0.418647465223
0.356782870967
0.287883886102
0.467314273885
0.476161440208
0.320693374142
0.525901032293
0.40917662457
0.599734978521
0.519349544726
0.466919770648
0.448022254482
0.325539545066
0.540109695318
0.461029696368
0.306472425684
0.425758514662
0.342912743365
0.500293385713
0.598745751004
0.431669096182
0.310404038944
0.359867756346
0.411166977377
0.307076993151
0.338403923044
0.336718107637
0.332425138014
0.328220007379
0.544151868137
0.448050835328
0.363876440934
0.41413371854
0.530980989629
0.485006881353
0.634543993581
0.363413161067
0.459780324338
0.328419204755
0.513738703668
0.557417888167
0.315655311349
0.378122733672
0.388927389962
0.436984660873
0.540059710247
0.549037846562
0.535021919308
0.299015984007
0.41423863436
0.407352825344
0.281052296437
0.312211577678
0.406114557075
0.350747246707
0.325459088436
0.512565462245
0.381477105823
0.161073837185
0.581275731872
0.340525397702
0.536857239485
0.393353195374
0.213740243132
0.469186528475
0.333760136979
0.312702049906
0.554153360841
0.379560929605
0.466198914365
0.37123092422
0.356493451407
0.340185767659
0.462482089687
0.401249787445
0.369356906276
0.40330432157
0.330386614751
0.232326781529
0.33266752157
0.513366420871
0.537399355835
0.501787713988
0.482418048233
0.417894526711
0.387226022903
0.446240788769
0.548838262925
0.552592520303
0.495451091574
0.379148399939
0.505608324031
0.442607387073
0.502853805481
0.486086597066
0.243699573848
0.418687789268
0.481120459817
0.390721632154
0.698885909531
0.380403627387
0.392449579837
0.403834047622
0.621223221504
0.226784942997
0.306612976989
0.468509656955
0.402446615277
0.4202152027
0.291026748959
0.267811310144
0.505474187249
0.480596320479
0.215374019969
0.315946794168
0.466001987578
0.591658099194
0.487061194879
0.254239729518
0.467463170198
0.481113612871
0.335922292437
0.213654410897
0.406222956649
0.510722793019
0.474312556052
0.213850871266
0.488230819149
0.417881099566
0.242282967221
0.359047946213
0.470192320577
0.427490640782
0.498650048767
0.467240791482
0.427756040699
0.227381341448
0.380345331084
0.362019022668
0.397080924095
0.530576413207
0.525667284146
0.390148203082
0.515752132511
0.452508125286
0.306690041119
0.395079696592
0.496528474289
0.511779783507
0.476063024286
0.277482002584
0.406646191562
0.478290094418
0.312523865012
0.376251090206
0.458195246252
0.332265118403
0.434973116736
0.339088885877
0.722478737035
0.378715781962
0.491663145109
0.534006675338
0.349797912024
0.175573497718
0.345836509557
0.292472334354
0.474982388672
0.326082732502
0.447609338436
0.466209515158
0.430173553141
0.564979776553
0.414969826705
0.5875223796
0.431965734932
0.311035084961
0.453740225332
0.45450434473
0.316410551317
0.311333580863
0.579516455236
0.277470649066
0.542936664256
0.272376709319
0.24365962867
0.411500746464
0.404800324731
0.31277327454
0.428910834764
0.471774997784
0.478099258392
0.29042439417
0.559969542433
0.318453134196
0.475865334619
0.475292533003
0.603304541162
0.299231164035
0.452704254214
0.39461613024
0.585268529765
0.671375314078
0.482623971688
0.392958917653
0.483687913495
0.379814011163
0.588442842778
0.501352850932
0.434986344159
0.289542081158
0.377640694282
0.647851884997
0.308228629115
0.524935926174
0.40990485293
0.572539575981
0.348878286036
0.233157889587
0.368975097234
0.390960263856
0.267505195312
0.527007508462
0.551321873472
0.428017079383
0.218305429565
0.611179560766
0.343949214809
0.577167682544
0.550866935447
0.471724361861
0.468933197461
0.44436867391
0.235852481267
0.425570236023
0.402740934422
0.293772387385
0.333177534782
0.504406852916
0.366051407098
0.464692152294
0.532909680002
0.525872210344
0.407579285684
0.274374636789
0.274066011207
0.391441310439
0.261164228236
0.592595157404
0.31816348804
0.514366258084
0.427067441463
0.490597529598
0.573421176114
0.343077435235
0.528955991542
0.461386520984
0.508574699943
0.37150363169
0.324178913088
0.36332407872
0.388199688632
0.529710699494
0.463074948775
0.303337134016
0.275620804555
0.217056103006
0.570133733417
0.546747612806
0.283447309481
0.402984241361
0.26620635403
0.370749343343
0.260023625779
0.417685850878
0.60567651308
0.2941343114
0.427459857778
0.411668937869
0.475960785788
0.46270832175
0.547536854283
0.440016393351
0.586871575231
0.546467618535
0.478916972728
0.367987699107
0.383168116672
0.659062072793
0.542473585996
0.321327304278
0.374994848215
0.488084164447
0.525904992234
0.406258125344
0.405583870731
0.376645361989
0.166382553481
0.408529117808
0.472502320243
0.488777999097
0.535254697899
0.623084706029
0.334819583778
0.388576420755
0.284049982331
0.437503834454
0.420004539035
0.512553671386
0.520829118911
0.34886516536
0.383520186649
0.400232512564
0.356229973596
0.402631950422
0.284034918758
0.41400517339
0.441678345129
0.602922711563
0.392613777351
0.400758243052
0.357066660904
0.364522844425
0.559870485403
0.383707551212
0.424518749213
0.37283511993
0.321378770942
0.288738551232
0.495837338819
0.416474446574
0.558188619602
0.501030592165
0.524537923011
0.278891609156
0.551563765147
0.624798978521
0.374051208718
0.330415128619
0.323996719897
0.261280913474
0.299169183878
0.57300977888
0.451018907969
0.338677495745
0.566203283421
0.432359486789
0.569640732784
0.335454347647
0.300660673766
0.532198869043
0.459644440527
0.622478263182
0.216376820023
0.363773624232
0.37998034472
0.564582385707
0.236881940526
0.515881137597
0.202533519301
0.269506132818
0.39069423377
0.395033683374
0.449013815598
0.271695339129
0.393127950101
0.568910407861
0.549110545398
0.38630766938
0.29461525846
0.360503706818
0.295392228047
0.392106212949
0.469989274552
0.315139277711
0.424736428196
0.669185092903
0.362634076381
0.470344647491
0.53021650892
0.427678712783
0.511805648141
0.573754279126
0.429978173309
0.498653061719
0.347956439266
0.430278582825
0.439754066947
0.471011994084
0.183865229926
0.271389076061
0.500370253282
0.301688368268
0.281423558724
0.671533740872
0.299668940878
0.484102362963
0.332490550212
0.215987131884
0.414657946458
0.437849830749
0.370282337765
0.459130887818
0.428446956356
0.514227865727
0.549173547962
0.586184381865
0.277117135246
0.44505753038
0.349870830327
0.501027664308
0.411898967771
0.373790373574
0.249069123195
0.253610641188
0.196491303307
0.458778337217
0.499214748455
0.585437747503
0.313004694605
0.575833176504
0.352886185442
0.412664059147
0.364295463966
0.340461889037
0.281366494448
0.312475171211
0.512962835908
0.436477458366
0.467066595903
0.319871498576
0.430032836054
0.317639561201
0.480749735512
0.39242391333
0.329310117446
0.401512795171
0.48667704448
0.33891678802
0.373205511551
0.518448579176
0.478630653247
0.214660928957
0.477921009928
0.438895109418
0.420962800225
0.384207546296
0.360601312796
0.405287597974
0.299731952908
0.430057659657
0.46542674171
0.231982054962
0.412964383531
0.39390853038
0.278543907832
0.36113509357
0.419683588356
0.510308341262
0.384662438782
0.429397857758
0.341201134198
0.32781962673
0.306948052399
0.446195531721
0.58086469968
0.455799617157
0.461170962736
0.359495813586
0.532248099507
0.44840464501
0.490488997424
0.306186691602
0.359981652655
0.380505129973
0.573072594546
0.161648726811
0.193556758337
0.272060659934
0.424218936328
0.434054154119
0.229022596935
0.275302400337
0.307809158599
0.467682889067
0.52266113727
0.336315805849
0.534297052215
0.208262578835
0.320397342506
0.278765286764
0.503555926678
0.370862552679
0.472581119654
0.459061375103
0.40454261709
0.195448275781
0.581513530446
0.363879072499
0.246841904529
0.420902203369
0.463678884584
0.317180152805
0.239835812246
0.539592447181
0.462575581351
0.361499270679
0.433523279155
0.443539591932
0.388943008486
0.38050663902
0.530976942408
0.683836095641
0.369704912474
0.310010574576
0.482850622432
0.38672106881
0.623691079364
0.522461180547
0.420520556394
0.378667419098
0.589029762565
0.427093469911
0.309028589629
0.22537191844
0.414347285669
0.255178489352
0.239047055064
0.392514705472
0.487390535211
0.171198818115
0.550525369475
0.486620497532
0.601495741769
0.335791107081
0.245179718113
0.467670615351
0.310669541257
0.537586642232
0.310544763648
0.499802000313
0.376326168051
0.283449557655
0.422117904146
0.431480734596
0.471865609144
0.223112456489
0.400776880481
0.475022259569
0.425998205305
0.478781505362
0.298871308665
0.417761492432
0.256370581421
0.19495379345
0.266435164494
0.37933420251
0.356566026696
0.180431462089
0.504936830216
0.370276639021
0.439967124708
0.600477870484
0.529373662919
0.380232290209
0.265765382671
0.323469110728
0.316948995925
0.412493453983
0.291213578028
0.460004038426
0.438994895862
0.587634640163
0.438064000573
0.641964456813
0.428863688635
0.369055767843
0.378604942787
0.234634756074
0.618710560971
0.420932311118
0.2362196716
0.460729585373
0.316625216508
0.285347157738
0.533754293784
0.59740404531
0.5882507807
0.313003970869
0.55581527846
0.381368289061
0.358297188827
0.344683190534
0.447472069772
0.239958976234
0.462441639823
0.347342572413
0.34893899356
0.315728050314
0.413063682917
0.345434156629
0.241614823779
0.388243866541
0.213696285444
0.249899699736
0.415072490408
0.35780774158
0.553113507002
0.483750462162
0.58331474716
0.414577665624
0.508764951996
0.316305535404
0.398977040824
0.374213457905
0.43602021033
0.344173052445
0.613269879654
0.459055886352
0.553130244762
0.309474331382
0.213587621574
0.411243037754
0.56402428125
0.49512530442
0.321106261319
0.482827868572
0.249284281558
0.580378792516
0.421037680818
0.35174704882
0.292229804763
0.247597692795
0.58939865634
0.385621033746
0.387240257372
0.261731997104
0.268487171493
0.433235379531
0.413254849944
0.396895620997
0.413418486719
0.60276981196
0.324352034616
0.440020983772
0.266815968391
0.384559554932
0.479522807735
0.550997758017
0.488457638782
0.251852184673
0.349795417833
0.312472780255
0.543089790609
0.392979463016
0.427101718655
0.452337949879
0.415812449456
0.343853578477
0.232798736947
0.428699171737
0.199116961327
0.340579000943
0.476995319326
0.532824336689
0.70292495347
0.457364406053
0.579715785931
0.607603870953
0.515835598678
0.259067566608
0.335414442904
0.40741650976
0.585747218132
0.316309928224
0.575401158229
0.491094043932
0.435751530174
0.61658767052
0.616744969413
0.379386934967
0.419269835131
0.400862691017
0.529504810402
0.375010828291
0.317505953374
0.294444201165
0.388577062031
0.337151253654
0.253609961226
0.269787974563
0.253148971123
0.244042031127
0.399315593256
0.421180626573
0.426459732055
0.482507698944
0.248202397366
0.467079569092
0.54828575714
0.3665381373
0.412963184234
0.444087705804
0.228284137879
0.427444943969
0.236214769677
0.447231290879
0.405331640554
0.4779104053
0.427999593099
0.375859568294
0.440441895519
0.186166794765
0.432204505338
0.288289268827
0.425623902705
0.461036625001
0.528712844801
0.321408758424
0.22877212948
0.464482867015
0.391224760383
0.282947889129
0.333656270349
0.359883425388
0.414656380592
0.464532337804
0.254115455343
0.293111857429
0.529078341239
0.617792865222
0.314584575973
0.19906117732
0.191242951067
0.380943398762
0.335325790743
0.393718919283
0.416509290722
0.451506328061
0.56668895418
0.456479723632
0.381779023587
0.407671647633
0.239507002391
0.338191281104
0.486037237543
0.651090370343
0.5327854705
0.465954010395
0.361271013037
0.447853877381
0.464219464498
0.570635809433
0.329962193314
0.440276444172
0.640597589632
0.527918192716
0.506884068715
0.528048731768
0.546429884775
0.512726668653
0.410860291205
0.349701666212
0.381188688385
0.326680054033
0.545074870445
0.639536610499
0.378475531369
0.385649229822
0.43466503461
0.498729685988
0.469776966982
0.500522937838
0.484037114349
0.341975354914
0.347521954158
0.494210578683
0.406740128541
0.385749912672
0.44253530613
0.349460996568
0.438175244088
0.524841577755
0.652387545811
0.550335525814
0.202562264027
0.296510042223
0.354654281595
0.338640496992
0.317371791873
0.343131781413
0.465005839905
0.339037779656
0.360427755084
0.398979943578
0.391416693169
0.356212711407
0.476039125344
0.37435129935
0.601877180769
0.435521310904
0.459535315734
0.361057379593
0.556001269851
0.468289174887
0.372480083773
0.478851166104
0.418733523953
0.575827290901
0.22137686513
0.320342323204
0.38051183673
0.430873295774
0.566669332281
0.296595101705
0.617783630629
0.535810625402
0.411441562416
0.435186461386
0.424323390461
0.646281608558
0.285780812813
0.582073356799
0.4887505217
0.430442226248
0.354370447294
0.467257238997
0.396812534308
0.22569778365
0.291867190024
0.38323013924
0.34614131672
0.270347345925
0.289971197923
0.590729227098
0.477419822354
0.191014574729
0.484103372732
0.356236657497
0.420870177844
0.337542108855
0.520326323627
0.295482353667
0.39810335805
0.520979257218
0.299838271801
0.366145919087
0.403061900893
0.480631991337
0.372754308125
0.415537129078
0.349358842318
0.451098372476
0.343535272946
0.328439520596
0.256498326886
0.33215535779
0.607690394262
0.512282768016
0.518109711102
0.460493966224
0.161880973714
0.551805481035
0.320892706235
0.552600804215
0.667685155336
0.347703364601
0.470437567064
0.474561347127
0.226076969177
0.547627910092
0.381247746304
0.34805725149
0.352377044437
0.558743561066
0.288633006836
0.403992843077
0.392838754931
0.566536140159
0.36564200616
0.382105017954
0.336464699036
0.15518929941
0.504118509042
0.368029792189
0.329440965462
0.35139221062
0.527586125663
0.340379589509
0.304937578332
0.66213308902
0.481506438813
0.509152656959
0.410861131501
0.365054555818
0.30310516484
0.256088978588
0.529169813892
0.28765032181
0.143210336655
0.370180722434
0.470976942567
0.3617568625
0.665836292797
0.414375354676
0.446070116367
0.202018048639
0.413586340719
0.361266048934
0.233373366511
0.346399514138
0.395158257141
0.395998224805
0.557722975026
0.346647085223
0.518046541782
0.242533492447
0.289507011361
0.355027517725
0.568800923919
0.570275420891
0.450189173372
0.415958732218
0.181863809454
0.382010455167
0.482592376051
0.431896258945
0.527443680703
0.331747962989
0.426939843309
0.34629572322
0.408605575625
0.496056504542
0.354495823946
0.380233158862
0.636449922214
0.401148370301
0.37576141099
0.447410587224
0.416532477734
0.410061700525
0.334444039199
0.415131542643
0.262526200225
0.378023764724
0.355067317204
0.588592599941
0.474380857005
0.226161045348
0.375587636731
0.516788882963
0.457524492527
0.470613895964
0.58079504767
0.274935407641
0.239743288052
0.239374326892
0.605620070541
0.365898178632
0.544266743184
0.594250255741
0.364008620425
0.393800313173
0.437087808591
0.494852827057
0.285663226149
0.442275354104
0.417476231142
0.411144101653
0.421557690541
0.549656892687
0.302502098089
0.227464898684
0.360377791893
0.597504190218
0.409609792091
0.623560648004
0.339439291738
0.333862460672
0.309275104915
0.279477850432
0.368385911923
0.154851738243
0.447496384482
0.371723568797
0.547639789417
0.343096348636
0.469555652323
0.409406905959
0.297385156309
0.375281658497
0.478287130043
0.313357658161
0.384790353548
0.359346682728
0.376554561744
0.492371761962
0.353405387813
0.424650618178
0.321627557217
0.306834389424
0.441451053917
0.359556909974
0.380133609108
0.306321657341
0.36133799004
0.414754342087
0.372772267391
0.345453452098
0.422957395358
0.416211297113
0.456796814709
0.484953432679
0.547009512746
0.516755916824
0.598547350913
0.42731804013
0.548533489098
0.393647112532
0.499864727485
0.255141739485
0.566273580291
0.367385990631
0.495770148141
0.405407889544
0.376024870275
0.461600921351
0.49302904941
0.336213934104
0.520297689
0.288101920619
0.353303575105
0.203756386193
0.392625343897
0.41759066592
0.517306232597
0.517338306704
0.577425478677
0.346823328332
0.434949898306
0.461293852445
0.619234322525
0.551744987511
0.5500395476
0.579652860034
0.404125665662
0.560017560364
0.634530488535
0.599084665227
0.46813793821
0.423301843367
0.321273309417
0.493382320815
0.532255722005
0.430385452625
0.372950892068
0.340498887518
0.52567214491
0.379101229151
0.453582721371
0.448248637841
0.166055303239
0.284950014443
0.147227427083
0.460496911205
0.461170449392
0.551788752855
0.521462040713
0.295501346976
0.345591177863
0.44103399806
0.207572668666
0.43197902454
0.371822140339
0.609039155285
0.631899830159
0.454702783589
0.429220468228
0.382021660673
0.422271664739
0.304377294755
0.404933567315
0.43191950804
0.297169519426
0.694386800373
0.357464441634
0.300110460204
0.609044504973
0.501283185735
0.311531023002
0.314595683194
0.304906575135
0.438590966675
0.430060069856
0.308968728631
0.303374930172
0.365744857963
0.408804295735
0.429471181809
0.314671264042
0.501469457426
0.55557161374
0.515184026078
0.336825912234
0.267718855491
0.417342369102
0.513791841357
0.573624198042
0.444754113226
0.552237698428
0.371156315683
0.469993971604
0.373368563194
0.340817245228
0.499366033497
0.302272360407
0.195498521754
0.200929377727
0.389634381961
0.254744187068
0.324607560482
0.466711986153
0.612263395155
0.284312902893
0.308861669722
0.448702092573
0.354083260153
0.318166306938
0.384785982288
0.618021901697
0.474503433562
0.596955609164
0.371372128602
0.422864115778
0.345349723167
0.438121393012
0.312755089803
0.523825400075
0.319199017047
0.266047477919
0.374852817472
0.475150351712
0.473604592006
0.430340550393
0.513030768962
0.519668597011
0.417218628064
0.366521609633
0.505267744749
0.303389597131
0.408275075947
0.47486763586
0.466278159654
0.251343269852
0.442154331086
0.359840930489
0.286855788049
0.33121441801
0.335760388853
0.403129109722
0.351234368838
0.420914382231
0.501133689981
0.548362045527
0.432561157945
0.405896555773
0.541454892596
0.52973703666
0.276198406816
0.473327288839
0.295583952474
0.41265876009
0.388367967859
0.452121162806
0.511749271786
0.439673198322
0.28020545509
0.253487906184
0.370387490133
0.520273632081
0.45525809023
0.375526128658
0.274390774735
0.575141488267
0.32832152377
0.271131185484
0.413688602879
0.235874039623
0.475361590937
0.362434693979
0.453048592033
0.25088639207
0.353011161111
0.169475385758
0.260521343052
0.443728154428
0.261761728519
0.37863194722
0.410233094511
0.378835503146
0.429790167497
0.597656434326
0.313442109725
0.231218288552
0.288964268616
0.409263392979
0.28392116533
0.413315325312
0.504264111993
0.345326448695
0.271627030988
0.317902422147
0.377774384447
0.472189925211
0.248887696105
0.34835849337
0.462049465385
0.347211563389
0.417393178918
0.58269821385
0.619915925419
0.370378564124
0.267233684047
0.441646598577
0.436133384004
0.321744094666
0.291305510469
0.306675256636
0.470920314079
0.312921108824
0.390211487428
0.191575469698
0.41891757645
0.54329266374
0.36212750759
0.219202886065
0.421121869556
0.402393154619
0.470400171196
0.344921424627
0.522543509132
0.282763419458
0.460384454064
0.391820299813
0.400116635959
0.481111243074
0.552252008188
0.382659933339
0.323506872177
0.388864463019
0.34993848826
0.463397590805
0.407210079521
0.335008856479
0.424665527499
0.350388417978
0.453975650948
0.556209623913
0.63618911371
0.494316376431
0.364899559494
0.42847308469
0.370395001269
0.2422779672
0.410593883057
0.44286238803
0.342406913867
0.347529464872
0.454405938282
0.466552989527
0.223049217209
0.318710550037
0.40438105729
0.495968549738
0.640524851245
0.396843817908
0.368767734428
0.280482605031
0.330095366668
0.253412999152
0.46784570328
0.530485678731
0.301955283813
0.480224903985
0.458344915204
0.358771281848
0.440136946841
0.418362318467
0.395596838074
0.469205007647
0.41127981592
0.444783963205
0.349915371808
0.480640607792
0.359277759271
0.372603163184
0.388676563783
0.437611501785
0.416452839824
0.45108693001
0.52191014104
0.484860165301
0.431456338831
0.281591965814
0.296524885443
0.395883305483
0.311839495359
0.525810271567
0.558507780056
0.594787041123
0.491826661969
0.5345284221
0.447088000843
0.279796050549
0.461435518884
0.560537043437
0.409655740528
0.429581023318
0.292493761938
0.542361224008
0.289295213115
0.377344646813
0.543321300128
0.43220231652
0.304680739649
0.497589072558
0.430175462739
0.481628995456
0.496194142064
0.366248119065
0.546013572538
0.501486036235
0.373799996747
0.480182602339
0.368633130261
0.337992209697
0.418063871348
0.439788524855
0.38383236362
0.338377579246
0.414774604432
0.452172651701
0.276275154224
0.468571523531
0.433365677913
0.351018111131
0.29825571015
0.288504985607
0.430030642067
0.358782525269
0.487675699763
0.469026094203
0.536960237903
0.335567926315
0.367764924212
0.316063660295
0.280210524418
0.297828388449
0.52715567543
0.451150675024
0.472577088285
0.538418502255
0.345237679995
0.538626218028
0.332238026143
0.432964291373
0.441674651642
0.462124170987
0.486144460613
0.419209434247
0.404945674052
0.467464210072
0.37296516147
0.315570225734
0.435254521447
0.415319133565
0.373576719557
0.52087032517
0.390161549459
0.367333042893
0.380517149008
0.489063305463
0.354248273303
0.431093371927
0.384648875607
0.367993842505
0.316147957125
0.293010136422
0.43520119111
0.386828013944
0.251078569048
0.38362002779
0.37555943315
0.502622890016
0.308180524232
0.266994258312
0.289832648929
0.362978773363
0.397308473508
0.654410467915
0.441737712974
0.353366985059
0.628748535341
0.491463269656
0.491375162565
0.360339303088
0.457300728679
0.5634898746
0.399704105045
0.332962073834
0.320972700258
0.417566478772
0.497258088049
0.529611475637
0.442038873747
0.291828344481
0.509982735664
0.479611247696
0.400221416644
0.621081654622
0.563685058752
0.366200412872
0.396612914817
0.497461856722
0.488120572803
0.386588501088
0.451552702831
0.539507215142
0.703101992932
0.382636441798
0.592004418939
0.454899008728
0.464428824124
0.605451085492
0.545044604561
0.4284882861
0.41953696521
0.458782475156
0.417689315536
0.417772808758
0.352576615064
0.506056593083
0.454396150699
0.606373431822
0.373877194842
0.494286316375
0.408199969692
0.362893095128
0.29935370597
0.531653711029
0.473506980641
0.395137006913
0.444602513128
0.218923014619
0.331840542016
0.297048884237
0.491025544243
0.713681322948
0.340918618156
0.400825817212
0.58049470294
0.370732610333
0.556468120085
0.326933094392
0.565750177173
0.563521051243
0.229944601549
0.245817146514
0.437096925913
0.452526876175
0.384545719873
0.279179114878
0.566945257042
0.378135962871
0.347112259434
0.328082875434
0.293711032167
0.624180415193
0.592992965277
0.453975340065
0.561240924776
0.389781852429
0.314646998958
0.42469522244
0.529004967389
0.405228387716
0.355000793035
0.435571266239
0.288180973248
0.422701158351
0.206589265865
0.527776512404
0.476205857469
0.377781628059
0.369512049989
0.614499006518
0.498490361802
0.324869558716
0.452839960969
0.483679306824
0.293840117674
0.380378880955
0.34279485742
0.488212249211
0.422569713671
0.398286338026
0.417359482042
0.431607523098
0.440728194523
0.479619705031
0.555493260602
0.350843445525
0.366333106019
0.365846751995
0.27937615028
0.430681749005
0.196392023972
0.444033300393
0.379517766911
0.659823473055
0.524882610646
0.439204444512
0.478974353707
0.528463050694
0.39590178916
0.221006489283
0.432527679894
0.43440500646
0.372821340005
0.401941763576
0.335937873695
0.555689894621
0.461805055552
0.315003538777
0.399200593115
0.574467702873
0.537095432013
0.452442347313
0.442572602819
0.423187638531
0.431445422379
0.287941194453
0.433094083404
0.272919394566
0.329712963876
0.322520207882
0.345790781879
0.562947388187
0.425553724914
0.313912598001
0.607177284982
0.570783987917
0.293938163891
0.267479982839
0.348120882591
0.452672016086
0.61522906352
0.437445071546
0.382450306703
0.252329533562
0.290734696797
0.536534121859
0.441979410899
0.345780179511
0.388071450222
0.536892231357
0.570511978437
0.369851939538
0.424834616713
0.370724896885
0.455672142975
0.364933882469
0.368082035389
0.449275810673
0.420005874457
0.421646337733
0.55306831192
0.264432689929
0.32471129038
0.290980837558
0.247976272672
0.467521629149
0.341202995523
0.540583032608
0.49624800693
0.211058869638
0.23425400613
0.511652778401
0.299956312774
0.451539656825
0.281993509252
0.41238405244
0.454781036541
0.388815650198
0.415845894865
0.368559701241
0.359313058006
0.51771393006
0.558800897254
0.249550877779
0.460992588133
0.468222922622
0.432728086673
0.382721613404
0.484820538777
0.333504298884
0.393324336005
0.406010642735
0.378789887495
0.629375787872
0.312518818445
0.413495217619
0.5354252667
0.368758803554
0.340244368598
0.424191517608
0.403184260575
0.538260656455
0.609853119667
0.193717493806
0.582128560394
0.232109865923
0.331781091459
0.2515732389
0.394686150063
0.418051580608
0.522811126634
0.315959227281
0.355434578965
0.449436847029
0.605579965424
0.393101920479
0.291399761409
0.492841097759
0.561951318158
0.493207854073
0.202185306712
0.668116101928
0.514896181637
0.420996472331
0.326049407626
0.574245708761
0.288324684309
0.520574222483
0.412153663052
0.570486343839
0.565754334797
0.579550477537
0.597825952083
0.545580519302
0.380794667022
0.567459282408
0.404293746018
0.375371734818
0.530059500139
0.556871761989
0.350873783325
0.363900299108
0.235002311477
0.501421199531
0.391056335499
0.43982230174
0.477136551822
0.360332372023
0.470851006451
0.496892036371
0.356827717268
0.318853374585
0.365188274225
0.176534298149
0.270714799534
0.451548501863
0.3417438777
0.339880770243
0.391977531363
0.396280254357
0.225103285357
0.146610728386
0.475424468367
0.387191967396
0.402346347266
0.337506620831
0.411142199448
0.57046585206
0.54711260529
0.379642956734
0.154212937798
0.351785638295
0.618111308189
0.599437701042
0.557482794223
0.249514312781
0.231149030538
0.343146814993
0.540210087571
0.430963714797
0.431487327302
0.399339649102
0.475362272688
0.389297684385
0.418241365707
0.368981563714
0.309056051963
0.38946493637
0.447012777477
0.468589647498
0.469627310225
0.53153460048
0.508524811208
0.453913121967
0.518950559701
0.48523894013
0.376657887012
0.427746086671
0.344135451663
0.403403537669
0.339437351735
0.45165588026
0.368666321343
0.430750042839
0.657731133859
0.336854482414
0.412970390384
0.420238633741
0.505088182859
0.280442797857
0.451071775727
0.431488303002
0.250119497295
0.349150035954
0.378473826168
0.513942397916
0.58970786865
0.464109455035
0.388484627314
0.493572433888
0.428722483239
0.475785277823
0.25620055257
0.231172412501
0.376406516563
0.220815386735
0.397704199701
0.193577728125
0.458497713867
0.418590245443
0.496572658091
0.423101674657
0.409882603058
0.286916362991
0.259321943726
0.506983996548
0.339468366912
0.467628638371
0.361749568158
0.274185143662
0.248609732078
0.430975660419
0.526711281142
0.437338486507
0.537767148676
0.684392704276
0.518548661199
0.28002330551
0.531357029912
0.354720094253
0.47818582776
0.348422857247
0.316965662903
0.471452072042
0.567566109788
0.567151769248
0.343483218603
0.557842380648
0.371042587945
0.513335713695
0.567780010439
0.362994698276
0.324761758359
0.419457606483
0.378328303548
0.411601043042
0.35694153852
0.399882498936
0.562276686615
0.345714679545
0.304145586633
0.431196797262
0.397395403399
0.602231232971
0.399141322179
0.261086455916
0.58751356166
0.451186453422
0.434113540378
0.50035786372
0.54499470946
0.26649120762
0.405319933655
0.441954692045
0.388726652538
0.46686870387
0.274285443197
0.580726964018
0.390063111985
0.287240760391
0.430269880892
0.381624383466
0.572458196166
0.335975269898
0.489484279571
0.298362901355
0.40156221471
0.636770877207
0.570099172707
0.534430051138
0.483779248803
0.447934337978
0.315024543113
0.206307164093
0.153799862882
0.432068373169
0.283603302406
0.253098704219
0.441773444818
0.239539198127
0.346434852022
0.471081362943
0.420129614323
0.344678924976
0.342865463738
0.670943495384
0.331334601506
0.4013889775
0.54828921626
0.410546019957
0.431568178457
0.432524975901
0.633751414188
0.388883696957
0.374235885609
0.238880319495
0.383226975815
0.270193066151
0.284704623513
0.346402666647
0.386959981443
0.358200253559
0.338763392531
0.553930779329
0.340477724844
0.419427716116
0.342239028692
0.44943909097
0.385695057588
0.326007154838
0.521185387081
0.440329820864
0.37638537119
0.461769080517
0.371106626564
0.431353773986
0.278277025128
0.375700896247
0.411780317929
0.58299875049
0.247714074909
0.40331872414
0.464221494654
0.494731128843
0.33659876072
0.407941070238
0.488026254128
0.178478707231
0.302729795568
0.172220404661
0.287795269371
0.576032664187
0.480023452686
0.448596033277
0.302367067258
0.444231666971
0.57594669297
0.379166034415
0.515658470764
0.38355314132
0.422102563293
0.46217447498
0.453053517815
0.455175185188
0.298265625351
0.355841686428
0.29432719709
0.319041774342
0.46409871589
0.3236763358
0.586150648634
0.511434580132
0.413364752056
0.468619227088
0.316292338384
0.524551389833
0.490424173031
0.367127355325
0.427181648562
0.515117336424
0.303812159948
0.515989422044
0.538333903134
0.548133905192
0.576920817285
0.340902638396
0.542932431925
0.526646234989
0.490114432909
0.223734088277
0.554107841523
0.511322143818
0.448453287178
0.397588947537
0.455026493877
0.468064947349
0.443534239977
0.341704908204
0.3629962122
0.427422069807
0.266113355343
0.479284050805
0.480160770871
0.47165705911
0.334111388928
0.169075307609
0.448346775755
0.348437434109
0.407922901057
0.440516536124
0.449759393565
0.574403530392
0.236182544505
0.349261401967
0.580242747451
0.342916151951
0.342230682112
0.360434831544
0.282270075614
0.391776797744
0.243244621432
0.429930921977
0.456319172532
0.510893889956
0.33988932633
0.488304792712
0.447304366964
0.603317197197
0.611760301914
0.364235540119
0.536329507451
0.381406193794
0.383881394041
0.468124429683
0.40264096738
0.415177799459
0.21493320292
0.311854308406
0.391962719159
0.30635272907
0.404583871392
0.402735513616
0.427851461292
0.413640564231
0.530038633341
0.346109624706
0.426181915373
0.588041646364
0.485547442601
0.556120432063
0.479788915808
0.543918079446
0.402425115699
0.401077602621
0.629024924029
0.265885782756
0.359126576998
0.39262023977
0.393117668817
0.256372088224
0.4605040631
0.572550451475
0.341329567313
0.58945960091
0.510810307689
0.508748278385
0.60766793273
0.424185965305
0.47412363125
0.431386688868
0.456660795727
0.422491110795
0.290190285681
0.339923108481
0.489179384901
0.236721142485
0.434354755133
0.464626610814
0.334441493439
0.38960157061
0.527898437177
0.533287892384
0.323266034315
0.459814577821
0.354027260818
0.284814493349
0.304485827108
0.552835105197
0.611422327242
0.518838654794
0.472041874233
0.402458407277
0.315087214424
0.400735787222
0.423901347474
0.390380936767
0.592808620833
0.454359299173
0.445817839175
0.479311802506
0.446947344386
0.361367424702
0.460825292362
0.491665678656
0.517273658632
0.466114985505
0.398339633675
0.433022816719
0.31797864739
0.485470695133
0.421979582446
0.536255773796
0.407935148679
0.488189613767
0.363962680357
0.48140436315
0.439176115872
0.445811527276
0.449455915586
0.430613267491
0.431309499399
0.185838082922
0.184495029436
0.375547203562
0.413900907901
0.351365755611
0.34561185428
0.491199511048
0.284892919869
0.532058055243
0.26279829548
0.362043860946
0.435069329065
0.299370100198
0.369853394713
0.630723601631
0.364512760881
0.535163995419
0.443216552415
0.327692365129
0.432843670305
0.451831536138
0.284169677117
0.423369170255
0.242360961519
0.258266139894
0.35047279481
0.321315034968
0.284727671403
0.335800091986
0.454822820214
0.55872419092
0.36710570179
0.38175750387
0.366240413116
0.300471945769
0.496249960597
0.552268068153
0.508600149443
0.522592289542
0.39219112562
0.422398159976
0.336586749962
0.542422849593
0.551087446003
0.59954638353
0.356256703844
0.368789860176
0.272635332651
0.422194494256
0.564246422739
0.522627268132
0.289487240615
0.334557761183
0.410587921181
0.538751723914
0.267830963467
0.316480794545
0.529740633514
0.470405587947
0.257237886051
0.464722896307
0.400781789212
0.391606574528
0.435740455969
0.313165170181
0.425617599681
0.352808380751
0.482820239595
0.334904631458
0.398206386564
0.467866399844
0.414554169542
0.441362503802
0.427121897891
0.306387753743
0.513606941626
0.342902251033
0.361225895715
0.528178590698
0.433845058367
0.485449778891
0.423393091856
0.368276114361
0.369777667251
0.633091450666
0.376433271351
0.538502603994
0.473075165424
0.271427719237
0.282658838719
0.393931937337
0.287214085466
0.450024972166
0.455706777404
0.293656780586
0.52735967035
0.653374424279
0.481966661372
0.549418884457
0.444683938646
0.461491592098
0.478118820133
0.483228427318
0.487011042612
0.419221296147
0.478773970446
0.524625506057
0.354939552354
0.394233035379
0.595589816139
0.389682512298
0.392306511463
0.397861869574
0.480564089906
0.392994016035
0.455102922098
0.408581742789
0.43709328665
0.501275545431
0.344245556512
0.456112795077
0.541467371021
0.333917206454
0.337353078981
0.412507145751
0.327640666099
0.4300035157
0.238352224382
0.291563124628
0.385542713205
0.331301120391
0.446065354003
0.339297028192
0.564080416821
0.347810130563
0.477227338174
0.512161970258
0.377411583863
0.397681556739
0.491338679672
0.455868922892
0.525538404085
0.456296549157
0.545552911211
0.515488319397
0.401174414486
0.579580937454
0.307052333438
0.303541106438
0.300481204073
0.435400044397
0.374575423408
0.62130358228
0.498328436192
0.264222205638
0.407513271279
0.444432155269
0.274097797712
0.627764712746
0.242943509694
0.33684160991
0.348058434045
0.344975872727
0.522926814435
0.520174257595
0.429328167266
0.545563297955
0.314067734974
0.291439839191
0.35547547409
0.326779446568
0.576518013299
0.434821576094
0.399998268435
0.338789993022
0.535383040445
0.411317604311
0.446987466
0.613500706561
0.430500668224
0.528845927512
0.561155899569
0.304833114053
0.53772315043
0.352899743902
0.366758540543
0.423056930842
0.396668646744
0.175603812619
0.36819192915
0.222713294433
0.517524756628
0.519358693483
0.275048534608
0.362642301386
0.576715022097
0.502931764812
