0.511144463392
0.38036981674
0.447820541492
0.397407184029
0.444810452175
0.589059727047
0.502565914663
0.281062914608
0.517433386952
0.447096556915
0.366914240424
0.477444800591
0.300111602023
0.292380358408
0.349884072519
0.413371489358
0.435394823806
0.200112257946
0.27916854786
0.352134396126
0.616638830715
0.11205184633
0.188677418637
0.464597054833
0.513920847397
0.422858096388
0.617668164978
0.301871074552
0.237407872985
0.340083596868
0.442064266734
0.432773175507
0.474618836069
0.260703921112
0.354522683179
0.552489533158
0.425068481702
0.456263475705
0.491663104457
0.40656446058
0.448520459148
0.461132520439
0.564442577734
0.515698100567
0.571694249917
0.420895151885
0.360707721564
0.395855697243
0.328840701958
0.318071814673
0.23621013251
0.243897651775
0.585870106378
0.412114859238
0.648180021214
0.531132809041
0.536458636564
0.48435991154
0.55478978733
0.235213309183
0.440250590889
0.51428470951
0.49893693503
0.340423867826
0.223770059939
0.270076347508
0.503493033801
0.468727955096
0.563565312086
0.555763923481
0.424006258626
0.417374225809
0.297748391612
0.612295994875
0.342242088882
0.551971308081
0.455669302489
0.397884936167
0.234345904758
0.481029511471
0.466724301474
0.393070249744
0.403491903754
0.544003113377
0.500279841494
0.341230264018
0.295693687164
0.621509318875
0.333704712094
0.510636679212
0.548867650582
0.355678184021
0.300607035908
0.321026767639
0.271464036726
0.546988981192
0.535065630012
0.407409346367
0.587862866659
0.257989296545
0.259378690267
0.506227326822
0.50228323153
0.582702108608
0.370219135155
0.480758383725
0.242431968254
0.425181184093
0.311487084466
0.469814142113
0.338171731112
0.365934962876
0.31136927556
0.297285763875
0.350793797493
0.214247071685
0.46627754538
0.297771889685
0.545882536775
0.284471435261
0.409022922675
0.288819488775
0.457752554479
0.358056896022
0.35940591374
0.514922819416
0.227962709388
0.400770333857
0.314266149995
0.389858766655
0.424064282876
0.31754004098
0.310336204309
0.420757097325
0.33076915616
0.518410916171
0.420779052318
0.541209846419
0.446319064338
0.396055169643
0.387937470875
0.321099985528
0.42414336104
0.494641575462
0.494380554702
0.325505548216
0.468684172841
0.410305554583
0.462930993371
0.343382625687
0.524680634124
0.349511432735
0.264722495843
0.492724893029
0.385029321439
0.385203879321
0.335425389096
0.429691034052
0.315279293055
0.260154818174
0.564778890039
0.428798765361
0.362958558825
0.365660386874
0.424877766817
0.420884016771
0.278177893356
0.48176018087
0.45360064073
0.391831108689
0.240636102335
0.301903342019
0.357420792101
0.420323311966
0.433109007696
0.36289765621
0.422865896418
0.365781536466
0.261836088318
0.288420477316
0.28037665484
0.570446817294
0.557041251117
0.36368246554
0.450767224397
0.487744574773
0.427969831483
0.57721732301
0.421439628675
0.399749259362
0.334934923385
0.237222385222
0.477869636895
0.409712441105
0.467213538295
0.376644693209
0.301616699021
0.343874706477
0.499395210235
0.325037870105
0.57135134204
0.403149921891
0.45445677115
0.506160090563
0.46027049667
0.398876545803
0.469378662409
0.452006162191
0.566871124283
0.562153614782
0.324554715244
0.422797624791
0.45285860429
0.386108401612
0.456707676969
0.42085093059
0.358886291828
0.393761105366
0.451621934258
0.379886029839
0.466548644384
0.563479994213
0.328011739626
0.327435847967
0.434635685434
0.610815045693
0.388333863318
0.37246326956
0.462045797292
0.323050785052
0.375830178348
0.168434710479
0.442671341511
0.537155671451
0.490381699378
0.292870379446
0.471624659624
0.429399581013
0.541866452865
0.396427773311
0.451244554196
0.353557345199
0.465156339961
0.311846053171
0.383818136544
0.425030620087
0.456779334044
0.484806617069
0.302890395082
0.352595469829
0.677067392104
0.564112174801
0.618254153122
0.392290245756
0.549695675115
0.347565127639
0.516868737392
0.588237367849
0.374448587657
0.574488469851
0.599129223549
0.422515693439
0.156047763353
0.573545655734
0.286022722765
0.487908046179
0.347845551651
0.547148237559
0.381966538696
0.425529506203
0.666778072026
0.305863978632
0.403392858398
0.421329965157
0.371611181086
0.486349056316
0.498730135079
0.406740334654
0.539056164064
0.504742874794
0.226317097904
0.28131455246
0.461124630934
0.287058402237
0.407100256636
0.290840973458
0.494128045723
0.604503945018
0.376991489497
0.594898164976
0.416370302984
0.392034691377
0.428300841289
0.465032301403
0.284082961107
0.302918275107
0.233530883724
0.449835950238
0.361306411341
0.276509023473
0.372884912696
0.400691512477
0.290223530637
0.347638839535
0.312461976478
0.420243540891
0.240410398056
0.438665291044
0.565020939946
0.482114816973
0.601924105048
0.27239021573
0.537656334598
0.349725058339
0.720558589626
0.455987165251
0.379827191829
0.513836068904
0.436054305238
0.38212792547
0.427467887264
0.55708397611
0.39274850887
0.362587061857
0.277985812413
0.390587863542
0.277956358025
0.506372436757
0.42845631698
0.374761266955
0.545181202995
0.624083813014
0.489267142194
0.484910609248
0.42634845514
0.455787378968
0.496723201437
0.559510928457
0.442976621679
0.512642769949
0.40615331551
0.502554567847
0.436066734303
0.460974726983
0.285204524917
0.330721927166
0.447028929755
0.559928452114
0.36409514409
0.479421431478
0.414352651305
0.445197240876
0.441556314522
0.143767692013
0.422512667468
0.436699095106
0.492101674896
0.51444848315
0.465300299447
0.429240948221
0.569555660219
0.508901802523
0.433713374729
0.479503635007
0.647172188705
0.322947937484
0.482383730034
0.401982186203
0.258328126174
0.417091154592
0.397575716947
0.215585308699
0.435241391658
0.276329834428
0.337883308823
0.325178913636
0.37540961921
0.244030845234
0.352903884594
0.37894353432
0.0882285685353
0.397840000636
0.383262615693
0.490200433427
0.451374204712
0.284683753972
0.591354187156
0.332119878132
0.432112290091
0.424384224316
0.456328774603
0.463064334241
0.416735589215
0.406838749953
0.599160232071
0.566748462899
0.336576216558
0.430680353024
0.423128769426
0.27189049053
0.379994748337
0.57428079472
0.300983029933
0.383235813242
0.287841797489
0.252363693073
0.426384896898
0.560599277803
0.347913555592
0.378589977858
0.485766898357
0.533024026253
0.614380708422
0.335095911965
0.399259172713
0.553363295886
0.568742949463
0.367616274332
0.28771543283
0.372623239093
0.274153294899
0.45419715871
0.354864551904
0.155407076956
0.295134827843
0.570990270152
0.381830958915
0.378600041727
0.521694080898
0.287979780315
0.28516334538
0.346106358248
0.344580674152
0.542002043335
0.366942791961
0.377006502135
0.497970818253
0.370776429643
0.32695753581
0.494312095713
0.298707759965
0.623233605036
0.536803038941
0.34555562186
0.264675445506
0.518493840077
0.410258759647
0.526791238823
0.478218817217
0.379586577103
0.483675973378
0.35974678398
0.347117968256
0.420757662744
0.532999684813
0.412551871473
0.431959689394
0.297369813798
0.569354809069
0.48553431203
0.427787014739
0.360443571144
0.476138470285
0.534433048744
0.416592106662
0.57851506315
0.368839481964
0.503714045179
0.317980858548
0.526572343576
0.402501492525
0.279839935055
0.427263505571
0.504481359034
0.384052103371
0.165470817754
0.44290271098
0.403250690933
0.494123983441
0.403904507326
0.384786520083
0.517012321208
0.262644763188
0.463299592829
0.594593808304
0.257480172996
0.525848530336
0.426020053547
0.362570309631
0.46023371465
0.172050348344
0.508447646685
0.414226850809
0.485510274834
0.690994342875
0.30703642347
0.428344464712
0.324321093276
0.490215367956
0.271612914339
0.404905571065
0.701740825618
0.31873374699
0.366223636636
0.487471106523
0.356538640792
0.469736686281
0.462287822167
0.420941064663
0.345249399102
0.549904245354
0.492740197139
0.518446797137
0.257405294665
0.396507483462
0.554040113537
0.192322630626
0.256496416382
0.483636559051
0.39884512676
0.465733248164
0.268193840982
0.371921296858
0.375695250465
0.315792034303
0.221614148949
0.375389508949
0.207068893181
0.321995419449
0.469940626386
0.468453584038
0.504223134255
0.603030974865
0.361329926612
0.27812139179
0.354133355384
0.305284884186
0.583737976524
0.303212216191
0.440080813496
0.399611027139
0.360812539251
0.263559311834
0.420129968594
0.587261929275
0.34642362489
0.413388992179
0.51761716366
0.388578074643
0.539710515365
0.48383557466
0.483512637015
0.382572783199
0.34583336076
0.443296912477
0.585208088412
0.333405835893
0.596007943869
0.348364128488
0.412536455933
0.445180060843
0.398400592485
0.356868750526
0.457015602848
0.309527868182
0.337218425596
0.457831222847
0.475968457492
0.31509452703
0.587324004951
0.544955267224
0.427247599697
0.296269953981
0.553445578875
0.601765364604
0.394139467113
0.395900509714
0.456550371058
0.330261237404
0.394982450852
0.65598085894
0.506524236964
0.198856412805
0.661801513043
0.308691241921
0.334622161247
0.458713135235
0.423167281813
0.435023036359
0.481981436472
0.264133998234
0.441417403228
0.654464119322
0.3223624018
0.290410354259
0.424524906092
0.401404298907
0.379981113833
0.493526995597
0.435232718748
0.34278622952
0.525800874838
0.388439574861
0.525271787914
0.491796324285
0.434181823288
0.455152766107
0.518560424903
0.479870733977
0.289312352333
0.511819960842
0.450553504141
0.305335419234
0.242653226871
0.561183547093
0.464417191951
0.509506734307
0.435798551205
0.404310357044
0.399768388588
0.36782245114
0.434889671251
0.350397438847
0.402846648487
0.324906000106
0.53688772022
0.355737208071
0.391573084627
0.616248320788
0.465895167083
0.642018852701
0.386469163336
0.569092727713
0.472250741801
0.404600785663
0.354322490706
0.220459665062
0.498480242006
0.362904673476
0.383634743161
0.250426359097
0.257113993268
0.289349422718
0.44556813546
0.434370895662
0.500040627309
0.466173215594
0.437911332448
0.538597527699
0.462808093849
0.402186469213
0.381304692326
0.541174163793
0.447025508466
0.557043975191
0.311578906589
0.331947889131
0.571408788302
0.509715987386
0.321485703211
0.444159445045
0.431397412999
0.416063705116
0.234482478805
0.380366752096
0.303300819454
0.359748646644
0.506161112804
0.506895548013
0.319405420755
0.498062336429
0.346709785959
0.319573249598
0.586376478895
0.596724897301
0.347395295595
0.58775426355
0.205789770818
0.433790072643
0.409439467366
0.345389788115
0.377667453088
0.308139834578
0.393712980071
0.500179827504
0.376483790173
0.465067117309
0.532086935444
0.407675350495
0.241042474726
0.516741250636
0.482247946043
0.599571351045
0.393923346346
0.408949762376
0.291974787129
0.521224167533
0.42310497273
0.3868972417
0.356480122005
0.497670704573
0.268595927141
0.231219830469
0.276476716444
0.529258699237
0.662055222063
0.404119543371
0.271131946861
0.505478542763
0.399803991683
0.473511527451
0.259576690593
0.442926809952
0.476845311331
0.512804068406
0.704386508033
0.565684831083
0.321896047412
0.482570451793
0.590481388696
0.317382077691
0.403978445403
0.326245588245
0.47433614502
0.251250656675
0.373046049389
0.359661137597
0.500201746319
0.497513555526
0.303745260209
0.345455085274
0.201427352692
0.494351705023
0.432995564749
0.357351619279
0.336442404361
0.368059458415
0.359838219992
0.432235721601
0.409873837629
0.602641127636
0.496418520366
0.263432102321
0.312179311745
0.43820540917
0.248741536332
0.575016628182
0.330444917712
0.407187523046
0.374995130767
0.547834724333
0.354915440851
0.526638157623
0.471034281215
0.516552719236
0.261760878322
0.500589623749
0.526864015641
0.336458512138
0.518799010462
0.44850180762
0.398571041516
0.620920898523
0.536350031228
0.533169120824
0.470475116188
0.432653148573
0.378831428942
0.292986904108
0.389841085573
0.364172825433
0.309545277898
0.199943468968
0.333824331187
0.424128395963
0.567936192164
0.422521644011
0.275017496204
0.308819437123
0.315325359714
0.469784343658
0.463455435016
0.402990151079
0.424492988777
0.357670206212
0.528815901616
0.45334392388
0.26600890713
0.394931536917
0.462785532851
0.523078118936
0.540887116499
0.461598435034
0.546235254855
0.480462892024
0.362611613766
0.507032734417
0.316241154435
0.421911626108
0.49430785792
0.430649481367
0.674207760299
0.378350121403
0.420359136234
0.360201690614
0.467570707312
0.482015274565
0.248068219039
0.445603264771
0.549288250772
0.262702554522
0.267476019963
0.52147402862
0.449700727016
0.206899287775
0.618139693723
0.44461734832
0.522305772891
0.344652721524
0.307746107232
0.394103886883
0.252082692675
0.375157822548
0.341837607599
0.482146037599
0.326684979232
0.265786839348
0.431131477195
0.425788841761
0.432817076044
0.408636955522
0.313597761193
0.330980317634
0.307708781604
0.222831871041
0.361390063754
0.457189111693
0.534132870447
0.590270094804
0.566488708125
0.499470640206
0.452628183476
0.491550590346
0.42849750016
0.474883547822
0.456767732842
0.382638532093
0.505283407719
0.264717581397
0.535029725503
0.508297843366
0.2008695404
0.292811450086
0.474909390368
0.512271126894
0.528633299552
0.485815598818
0.426492770401
0.368858715108
0.431088798507
0.264788121159
0.4420965797
0.540875522948
0.346605720808
0.399958349981
0.186386540089
0.324179433926
0.400797331867
0.550254727076
0.327342009914
0.333874707253
0.507859168928
0.516178958782
0.603378839463
0.359811635656
0.421066810209
0.476904578973
0.341813185165
0.334828932773
0.515642945604
0.49019143795
0.430669530987
0.270769489698
0.370325948159
0.480628639068
0.158770514962
0.36848099007
0.454839922293
0.383748251946
0.46870016578
0.552930407926
0.527686470955
0.258955303401
0.317699977404
0.407977117261
0.327692495298
0.525741067343
0.449523923376
0.426175010623
0.538413603854
0.39170451802
0.219265489932
0.403190419343
0.551791299113
0.528350784765
0.458274384844
0.397992124888
0.30286663608
0.34697282451
0.399268075557
0.269384923823
0.443311092269
0.322901553925
0.375152386151
0.368444107009
0.645824503591
0.398698976199
0.381527419495
0.494925847246
0.291945474989
0.175744516815
0.380064791462
0.151543772514
0.476764495994
0.383530973657
0.49360584863
0.590226225868
0.33657983414
0.37148466069
0.368101761328
0.519909691987
0.366586678698
0.284817652623
0.497610856356
0.453816913683
0.394191515269
0.393510276086
0.621268453588
0.300308832276
0.505678109595
0.322390137251
0.313437734441
0.433308240054
0.421546625098
0.396633391553
0.36681990015
0.496966628875
0.427810421092
0.396754222593
0.304067994043
0.310596909904
0.473300951236
0.467398594525
0.592336713559
0.348247039889
0.395824052408
0.369684529604
0.412835834347
0.480346594799
0.52250543131
0.580159503785
0.503091160355
0.423242234166
0.536511979508
0.437218647148
0.353370282968
0.297023513744
0.474244196645
0.409629597981
0.418323975737
0.593244563893
0.277851588728
0.435839787824
0.357621773477
0.375720024296
0.371559975043
0.28755491942
0.240822111079
0.462348669187
0.583853968007
0.36748131435
0.22597355203
0.527454213296
0.369144038254
0.711158607095
0.424178341994
0.371176781681
0.509332660178
0.50156593617
0.235677991045
0.328258479688
0.414043450714
0.287835813224
0.390440839967
0.441903460748
0.362520936059
0.60852239613
0.619204527492
0.404547801979
0.441701164183
0.387139212672
0.386767406261
0.329839970132
0.208260982991
0.650319699685
0.39335151679
0.544673930141
0.432167513218
0.482357087445
0.475961662981
0.348613846982
0.548690661762
0.240389370351
0.587358403989
0.468845833137
0.380445956804
0.420038109621
0.394737449315
0.470039603839
0.467457192534
0.360394237127
0.221803360065
0.313364981913
0.439752795148
0.46254588455
0.336501691499
0.26086719291
0.264104568033
0.382949030049
0.317594256774
0.340285337717
0.573196458395
0.233934737713
0.37539398317
0.463254512319
0.405562470101
0.391173515055
0.342642003502
0.561288313904
0.558769975713
0.511067019519
0.401414740575
0.183467690291
0.439841490059
0.515573835449
0.472473945389
0.38002923619
0.380803592642
0.458579106057
0.513837870225
0.41436681027
0.324667624472
0.291427568545
0.337622731625
0.49389241566
0.429356866852
0.519680810081
0.523043360992
0.589103852284
0.333760579637
0.357787974757
0.281015990259
0.429335879133
0.437797226468
0.442655422711
0.468813387784
0.366652524276
0.299229274112
0.280617427857
0.341210673096
0.481540991096
0.290918139328
0.381619237584
0.495595126092
0.493977572422
0.407015325627
0.306656773427
0.417410978734
0.384213076184
0.509245925174
0.305513404379
0.45502265531
0.269536266158
0.294784798358
0.312905744401
0.48695100294
0.56336417409
0.537490404615
0.436836772459
0.541923919458
0.214481920252
0.548340814553
0.583245578546
0.378724930419
0.32167176492
0.336553771029
0.495361030717
0.296943407298
0.672076169842
0.446986444813
0.447134439374
0.599184818488
0.498707005739
0.39993778636
0.403983760376
0.302545397365
0.420126204281
0.356440876646
0.74972320579
0.326564861939
0.419733675661
0.467087115135
0.452420466812
0.398384516616
0.463092870852
0.276203971686
0.247362572582
0.198022170264
0.341162818712
0.302309099364
0.313905302026
0.361093763935
0.283309974526
0.537600538126
0.400411889745
0.26602475431
0.310821323386
0.282349088628
0.40058792506
0.532601853032
0.360646652837
0.345158296725
0.691681233241
0.430758361015
0.418686808494
0.410186795252
0.400947058629
0.42263482252
0.432243728165
0.393586192105
0.489884579226
0.2498167362
0.560986551518
0.393528646138
0.475466751143
0.379888402035
0.209237862778
0.512993510392
0.123488858298
0.42938423886
0.642725696141
0.302989614094
0.60292153334
0.351184277546
0.23827788756
0.425712458172
0.325481325111
0.262550039703
0.452097431801
0.423755418503
0.506180007895
0.487551308063
0.552099328287
0.465888753886
0.345919930546
0.454530093505
0.564288909612
0.269208494069
0.520614532254
0.26603375539
0.359696839139
0.285854719965
0.490438548102
0.351228637006
0.565654457368
0.302144014077
0.752303088153
0.394606452416
0.393377142019
0.33425822336
0.469353027056
0.322754770708
0.32563648733
0.49129895715
0.466134417588
0.300125151089
0.352825108253
0.30186709983
0.392042220618
0.327311306806
0.482122717525
0.345521187053
0.368872846792
0.327778071782
0.382617327439
0.389992144828
0.491728710825
0.433490522286
0.315177329331
0.293390856607
0.421397644777
0.412224737572
0.443525254459
0.293794935894
0.290183395473
0.38659689359
0.478859534834
0.558999088681
0.253808881012
0.332769325904
0.370579165068
0.220406577503
0.436827038899
0.438099824536
0.55719927612
0.396576804668
0.400784861533
0.425332844229
0.342814893353
0.262595788527
0.35338308689
0.538138289276
0.634651075016
0.428433872417
0.320050264947
0.579098837948
0.468430838665
0.351470510063
0.395640942296
0.272114288094
0.285554368078
0.599501116387
0.261584395712
0.241672029455
0.3414627785
0.568898413292
0.444161175505
0.216544034879
0.348881705651
0.425147600122
0.469431557905
0.644195653017
0.400291240747
0.421990708307
0.221329555452
0.471106883386
0.397942484274
0.564180537082
0.489806644184
0.510856848468
0.311342676955
0.479503053582
0.191711010752
0.590448992127
0.352431382168
0.307401791923
0.310275569891
0.464598609333
0.259476253487
0.250372719103
0.604966989864
0.512419576964
0.334697525688
0.464063432001
0.395251767504
0.248654628454
0.566682815623
0.492805709232
0.589121741593
0.436127960301
0.158899646508
0.472336234414
0.38738421773
0.550414275762
0.531120767111
0.275214414644
0.420306843892
0.537139418477
0.301561917642
0.255958000292
0.317584027287
0.454844171436
0.250953978552
0.344985038816
0.446515629582
0.234294932663
0.212769226568
0.413010648312
0.514399060535
0.548007342289
0.398569624153
0.43370559218
0.414365664736
0.238956561099
0.578151202946
0.324851880539
0.660808088287
0.356207964955
0.404320793539
0.5861141622
0.450553115891
0.366236781077
0.296953814662
0.443125491151
0.416188859083
0.370351240304
0.475611525408
0.318839009302
0.404625312585
0.255365714576
0.397479555188
0.18346237783
0.299241408903
0.303658601125
0.216437659491
0.354513835188
0.450403935465
0.40871567826
0.647182082454
0.546588202632
0.396434682633
0.284228418838
0.337816810592
0.409485438383
0.46854154079
0.199510812861
0.529446217057
0.43698136694
0.505338144626
0.454564182082
0.539606506621
0.478150773752
0.479968108814
0.462883880536
0.179062727999
0.572125411532
0.386527433509
0.242669290291
0.409466344641
0.268494925507
0.345946005255
0.564672536858
0.558269708872
0.572568335426
0.240385522309
0.498372881737
0.42662771532
0.268180241363
0.415221513217
0.540921222435
0.236597759485
0.488483312786
0.354579439055
0.360153597274
0.302509048272
0.42058866932
0.384474164422
0.332387878148
0.344650755534
0.211098062883
0.257991155574
0.502930874136
0.474404262623
0.3703681149
0.465260327473
0.412280045025
0.529461873154
0.462562336497
0.372410975189
0.566306165938
0.364529253119
0.375864304619
0.35675584369
0.584992908224
0.478620794538
0.631099179022
0.497255785962
0.259218613037
0.366649964736
0.5079895364
0.330550432671
0.445171449271
0.437115741862
0.300925192898
0.546453334339
0.457080978728
0.280983847137
0.381699414214
0.384895199454
0.477921346383
0.309070609162
0.321072496452
0.358029552748
0.271174783992
0.522381407455
0.390209538187
0.368810541498
0.447010782714
0.559038620137
0.259496745352
0.398729756549
0.423706318531
0.261941925231
0.499652336521
0.585673980489
0.457249866577
0.26742449292
0.289369765444
0.438434030874
0.448479760269
0.443189492156
0.443591986513
0.540749223726
0.457357487046
0.396298425806
0.323148624089
0.313216212344
0.412722490104
0.300939608732
0.411728598135
0.440116305342
0.536769399934
0.523085012338
0.706458249835
0.603421465086
0.607361411425
0.271089119816
0.386929298827
0.351204546514
0.422883170343
0.267627206137
0.337442580404
0.392621261957
0.430745491906
0.470408230357
0.600059959458
0.528186576854
0.382265135433
0.393779298892
0.415214938077
0.531698198603
0.366243486807
0.419168658879
0.286362468314
0.412074143999
0.43033891317
0.36509371507
0.29822227426
0.190639923552
0.332306097044
0.419972185115
0.377780552257
0.413020941211
0.232056663456
0.456315377898
0.372203184882
0.415249192066
0.324169193396
0.46116654477
0.254054595018
0.380746659209
0.272890327705
0.358158091935
0.336866940323
0.521926735213
0.422362256445
0.335379849429
0.354038860559
0.27755276059
0.311214074533
0.211040029574
0.317187005103
0.422160237421
0.403455518793
0.417302014357
0.227590665697
0.394406537639
0.212994956692
0.219410424404
0.336691235204
0.321374099827
0.553340866728
0.268013249096
0.362242910724
0.327466378824
0.526976244716
0.437801908645
0.3089976552
0.280699830362
0.219274057729
0.403025116685
0.272339148784
0.350595467802
0.4615841215
0.503294205504
0.462827765077
0.427293083166
0.381733498919
0.401292996516
0.310293576252
0.363124429551
0.375677417978
0.539189361399
0.436339990882
0.378825195034
0.39979379376
0.521022451886
0.520806871062
0.651287233743
0.411730271425
0.43992992084
0.448227236151
0.484516884087
0.551923859847
0.415574456402
0.566350100258
0.487676766247
0.395187469434
0.354824894556
0.452828283993
0.20533738438
0.608820716274
0.648867859528
0.333623553035
0.255083197566
0.534042724524
0.514513573038
0.468761703744
0.461919685293
0.517921831809
0.404649711514
0.398743731655
0.409085336725
0.490464254988
0.438286868817
0.570158158267
0.355141151995
0.352726950676
0.496559926718
0.487934079391
0.583165072007
0.129221246025
0.323550527197
0.332266628096
0.368977290448
0.324414615405
0.422640273249
0.448576239757
0.460031947416
0.386191699182
0.48841494244
0.57543022871
0.367481434177
0.46264056795
0.457953267966
0.551331754814
0.448957986421
0.512510296516
0.367091795231
0.508532324527
0.467524167442
0.312596101853
0.346801441844
0.496750756142
0.483588408571
0.233433587269
0.303627873431
0.403476458852
0.357450926852
0.568691869176
0.321727950827
0.568612983722
0.347459053404
0.417519625009
0.445957771926
0.48744398331
0.579803966465
0.374173654207
0.692904781328
0.47499056706
0.55441067841
0.312975645458
0.531321986165
0.306567809583
0.287984867701
0.237684164948
0.518583616195
0.357040943623
0.215514988099
0.357533126389
0.443017520272
0.518838891862
0.24901463847
0.466218010832
0.309872951586
0.385143264983
0.312279155826
0.320348909448
0.292607946703
0.308263813249
0.446862080835
0.304811128692
0.471858748208
0.314141061652
0.61503203635
0.411380111986
0.42036071149
0.473462251264
0.425573436107
0.489457919347
0.332362250951
0.389731657774
0.464882174721
0.626453164243
0.570850778613
0.688614567279
0.467987246077
0.214970751257
0.555786655538
0.311693704514
0.437461451374
0.682687309388
0.195305872039
0.475579845829
0.376136667791
0.299334810394
0.519809602788
0.307553152198
0.174613869621
0.419275796982
0.623584827939
0.412181680781
0.399631182081
0.441504936523
0.554654840355
0.377825719594
0.479437223293
0.407915153214
0.218545269812
0.591768322835
0.400297681726
0.348730093878
0.307859928609
0.518406326006
0.341109512751
0.216640905224
0.624558627618
0.598371175473
0.363614430429
0.415994429253
0.305266246962
0.300865470097
0.195313524973
0.442683964202
0.420878809828
0.274221351138
0.425159522925
0.364948887984
0.444178295316
0.722470897516
0.317702381441
0.559809460198
0.300226588157
0.343292985841
0.371303559844
0.308351342331
0.341615715583
0.27908205418
0.451791772388
0.417603803824
0.407514389948
0.508392166899
0.350224532692
0.390186374768
0.452053234288
0.574145553385
0.517016887069
0.480942921476
0.380329910909
0.182727766729
0.308335655485
0.341829551494
0.299538210716
0.589072193721
0.354408489629
0.451560018336
0.264377151227
0.472736736893
0.41397487219
0.334636437829
0.45780802459
0.572780325683
0.304787989591
0.38380739435
0.392868023385
0.419455613722
0.384027400843
0.464909713765
0.385898433023
0.362315723269
0.279627067728
0.406582069043
0.440608847457
0.495295642518
0.37146203257
0.376413735791
0.545791160636
0.488287302572
0.410268950051
0.501456968931
0.180548922176
0.257012984576
0.266210121466
0.542893355589
0.360603804737
0.571591889183
0.483848943688
0.285613517274
0.41413833383
0.422720542928
0.503879699844
0.159778666051
0.452118884243
0.491843279154
0.374209423319
0.317900467918
0.47429894188
0.357477764659
0.290818939975
0.377573463744
0.532659773045
0.533247645417
0.592108422354
0.492739440196
0.359730350152
0.497598287433
0.333915535678
0.34746571584
0.323921807756
0.401946842747
0.39398602352
0.509331337732
0.33316584778
0.45753989893
0.347860263715
0.571628545864
0.474654762025
0.397087684631
0.288576209171
0.348354739449
0.37572858034
0.225058538416
0.460266995529
0.408947562166
0.391212754673
0.347251085024
0.280193299421
0.52087819858
0.26688943622
0.506293121201
0.283717708935
0.422180703872
0.344197441498
0.346156483725
0.296493823972
0.527411790094
0.407159049187
0.472159229856
0.493510770433
0.527628776507
0.540876821672
0.479774741219
0.470264315554
0.573197630454
0.346699723822
0.397168834572
0.268988854602
0.59330542509
0.332961574726
0.533397552778
0.47778511323
0.284429084102
0.457558667106
0.592985035938
0.460479510655
0.500808441526
0.423545532332
0.324300978155
0.292668882271
0.311799936357
0.340482921966
0.331912666233
0.30378030734
0.381322731635
0.53321299173
0.420210568669
0.510077207582
0.66844250279
0.578293261874
0.432510250389
0.513199541813
0.327156056088
0.509972161058
0.677072324875
0.588589141737
0.439950543405
0.437020629146
0.297563075491
0.586902597964
0.32731250748
0.39743605118
0.374383860685
0.196582757039
0.391529831881
0.473279755266
0.353048022086
0.529108902175
0.23899238791
0.340604720045
0.130831287375
0.325244314914
0.307987368525
0.478123084236
0.326604989117
0.316433779491
0.240812001564
0.43909940041
0.223774574129
0.407105269464
0.27857423508
0.557191740792
0.57726850011
0.383701017255
0.364650181911
0.284373087138
0.34395809182
0.334838267838
0.403154565248
0.391911277081
0.313220733639
0.558067716558
0.307351237162
0.399595388743
0.590740270715
0.484288022052
0.396835231167
0.364449560818
0.410316375047
0.457620834416
0.329270875211
0.289174207962
0.417295905869
0.333240414589
0.356589409168
0.415603064315
0.39219206441
0.495265443819
0.481956008303
0.583540724326
0.381026405222
0.396432118109
0.248532550628
0.469582177499
0.580314497672
0.584576943917
0.46501168246
0.298049210849
0.403385522638
0.343842583109
0.316452260851
0.463111538784
0.230075581954
0.226823673942
0.181138823315
0.463982539587
0.376416844622
0.392422691844
0.428995258893
0.540428920635
0.2871905802
0.343362343503
0.282741937061
0.350699359714
0.442584111869
0.572096604105
0.536549684398
0.456372239187
0.606808447819
0.355818817065
0.314380532457
0.250516319956
0.430964736938
0.363629099208
0.467026728565
0.478284238149
0.259056521439
0.471138540892
0.448922993584
0.420819579968
0.434159760958
0.379430502119
0.603770149455
0.393335830709
0.384470790594
0.326648959089
0.31264418488
0.451715118119
0.482382927106
0.418828645163
0.172045143166
0.342431774133
0.243867377402
0.109570118946
0.374331008282
0.41032225345
0.390834235179
0.250919644004
0.379929766007
0.437895019187
0.475542380257
0.420771122181
0.394715952989
0.435722126071
0.455966132738
0.188207926363
0.469745545302
0.313619911444
0.377057671275
0.33452624308
0.431882505519
0.493148192963
0.389928120201
0.24294591863
0.353397552257
0.360941163552
0.308435982148
0.471170841297
0.398374031623
0.199531406357
0.552852049654
0.423434984028
0.246264473922
0.332592944791
0.304655757762
0.263964607471
0.308523349766
0.230706380639
0.305653885116
0.267723832569
0.284166941871
0.260320106733
0.298271241823
0.272804832952
0.373950390339
0.437400412443
0.427753333555
0.328045925687
0.552177736842
0.347511855659
0.266011718819
0.43780221673
0.323986488608
0.285544078009
0.423903328877
0.486118960836
0.273176328742
0.333309368782
0.332071121771
0.49771289528
0.43016610842
0.412354065658
0.412561724432
0.389528329965
0.251759860332
0.511277335824
0.552113011953
0.656747552919
0.476216124192
0.290178521487
0.367984037392
0.351893951226
0.432583072005
0.281708889355
0.451583886698
0.519543827182
0.379712663979
0.455420687752
0.345502242893
0.515539273868
0.403558815316
0.437419643124
0.269180419866
0.37861833798
0.387253561731
0.503000950425
0.317372201356
0.644248915308
0.265519260267
0.407660006799
0.322227156797
0.252669189481
0.465089714158
0.4861696291
0.232158636162
0.35005739567
0.273453919709
0.285616667396
0.375808916278
0.376907465829
0.420726607401
0.404089421774
0.236235161076
0.448718040681
0.52836547987
0.625549709471
0.355543818145
0.429691874789
0.462113573002
0.35350505612
0.229769690113
0.3954624622
0.449740015141
0.453258667977
0.286244623923
0.466067867146
0.323306880993
0.235351393723
0.495431265362
0.389506458582
0.517441767045
0.633702552508
0.476701960796
0.360664454846
0.249124550082
0.383853459001
0.343113797822
0.310732382726
0.408553908926
0.322978636712
0.43683028941
0.353986640118
0.321136003362
0.47208619329
0.510323272003
0.444890538176
0.445587513444
0.341795828074
0.445651561845
0.234491930521
0.341277178909
0.401745965592
0.316439518275
0.471875979059
0.596617142196
0.25134682299
0.306202977792
0.410916885959
0.324931291676
0.333340500747
0.2987946735
0.431695505847
0.216954707846
0.337583731665
0.496332233078
0.471816877458
0.625300672487
0.43978914562
0.391379466596
0.414583150645
0.318706446749
0.379166350677
0.543456969665
0.421723937969
0.447077594634
0.310610730501
0.478845024909
0.265697989391
0.233891801253
0.490283574068
0.447086288718
0.200810299781
0.447225397882
0.365389890231
0.533931178866
0.351127379046
0.379826849805
0.537036052408
0.479521113778
0.314136567105
0.460557999341
0.468177181215
0.244709598053
0.385950827501
0.440896989548
0.243435636726
0.356454021291
0.216761333878
0.237798166454
0.337158952048
0.367217338431
0.262287135852
0.353674667707
0.411307938443
0.253821859547
0.390167314394
0.285773316839
0.640925006118
0.542164204139
0.461895749376
0.409921937059
0.401195709057
0.266966894387
0.378183010535
0.327089894906
0.600402241969
0.447312823507
0.248625888411
0.344891369596
0.292768812051
0.568589975802
0.266156400302
0.477195039436
0.482463245404
0.420835708366
0.432147204723
0.425918390845
0.360147488516
0.388739278017
0.413749429539
0.329722583518
0.33433995672
0.493493406428
0.550159991109
0.326045098988
0.340967866985
0.367499533249
0.350165501919
0.563337408693
0.308406208116
0.380344641104
0.513041557102
0.380815332413
0.351276259814
0.468286049215
0.379856855224
0.426135584467
0.430420516202
0.310700159123
0.39757555149
0.344596376787
0.410858257157
0.496942749615
0.290326183539
0.511397150634
0.554715170166
0.563629102186
0.216376970676
0.367496298974
0.547282121683
0.529036150395
0.467975464417
0.46810828535
0.542246412896
0.507978714365
0.424038730937
0.269705978069
0.330997007884
0.349954598843
0.499043372528
0.559977651518
0.357292021443
0.173876036335
0.434672169778
0.434912976396
0.40793526851
0.610717839451
0.621934492553
0.416291539809
0.43618578056
0.357119994111
0.604153431716
0.476128749761
0.462840124599
0.463926041974
0.621664809334
0.446699685809
0.519442258927
0.504495891971
0.491635330334
0.558436317107
0.458217281857
0.465558503588
0.342358036088
0.389752751869
0.447989832016
0.325957899293
0.380663187171
0.366216580026
0.583533280904
0.54265210962
0.348464192612
0.502093269884
0.466736516466
0.249528699571
0.252814653401
0.468932972313
0.408986995582
0.451742139934
0.384553218646
0.228434470268
0.325411816137
0.330105440985
0.339023335373
0.683138428459
0.403626651532
0.56911124493
0.520174820103
0.382271541977
0.601467805719
0.350053363531
0.532201735181
0.508412280409
0.279623297097
0.375237634053
0.482841025586
0.411735272255
0.444283748663
0.356496927847
0.609666782634
0.412379524908
0.288674054595
0.439098936159
0.304931866587
0.598189225476
0.560491703196
0.483192523194
0.448427683923
0.37718468035
0.346052353268
0.51314795582
0.572509619194
0.310971467305
0.366826928119
0.456410061233
0.28882849496
0.462133877449
0.315447534539
0.401290812332
0.536281515985
0.370055596448
0.226198953486
0.639698136638
0.355499268248
0.368321706851
0.502606843716
0.349203116004
0.245343095165
0.442925025824
0.332804766923
0.460290609248
0.391745140543
0.415622530919
0.476846097948
0.538136692788
0.441547329985
0.535310361735
0.433034405277
0.33154273511
0.466294375935
0.444647525493
0.419680456627
0.439662728384
0.240801609518
0.416934846282
0.391776586446
0.512285373586
0.441653908385
0.545043069954
0.549551159016
0.40939403413
0.246597249724
0.330523952285
0.434188737101
0.502707329695
0.305525900221
0.277303978218
0.225377311193
0.484069584955
0.428421367629
0.398661563462
0.379934859998
0.454405451341
0.559384401997
0.593482055874
0.563795986642
0.340370070957
0.342608269846
0.47675192447
0.479835737546
0.364936422797
0.452481738866
0.345897025821
0.323837547546
0.541099347249
0.371576094292
0.216609006294
0.549132444529
0.488088195658
0.37188928729
0.303787923278
0.54688821605
0.476747157435
0.624347450284
0.358348162741
0.314585466202
0.353281208982
0.443015980024
0.451985445234
0.451608247533
0.322056966282
0.316456982569
0.485388128541
0.554553609019
0.48363754134
0.404571436671
0.348697072112
0.506772130941
0.546980378616
0.535925287508
0.51019840932
0.410777618911
0.445891965294
0.722573300114
0.304683157931
0.21072183848
0.309953689429
0.266163278418
0.484188202161
0.455869079327
0.443419221742
0.422832355999
0.303148827
0.187140395977
0.419533680302
0.290924575998
0.340772069015
0.318392204203
0.483666867151
0.578077460792
0.384971671454
0.562777696715
0.37986247011
0.223691726051
0.689505294526
0.490940905138
0.267222596643
0.398365475732
0.450406983388
0.352113097784
0.294692354332
0.469542835237
0.2987915299
0.439191191042
0.367749653511
0.355456670254
0.529632149528
0.264217131343
0.329668055901
0.512560075236
0.405502481626
0.439443261845
0.459633189409
0.491642325985
0.586630269224
0.548713776123
0.403564420354
0.303879851265
0.291945712767
0.327480128501
0.397703692368
0.60591778151
0.513787667292
0.329446313687
0.309774124656
0.38573041082
0.364826715461
0.557821868588
0.444246957711
0.328735684478
0.578635958578
0.467813395313
0.397390973338
0.172402337702
0.653799178612
0.41060675164
0.493390251522
0.421584806224
0.601502433241
0.240047796845
0.408035968758
0.404143367583
0.44301020058
0.513834142834
0.506163301165
0.5709428995
0.676467995699
0.439701509246
0.428067862373
0.43781127861
0.276003250491
0.623265354076
0.448360499355
0.226956797367
0.442709419325
0.397482101681
0.544933771784
0.409965572186
0.432800753869
0.415179150736
0.307267886125
0.234746477453
0.381457673256
0.313029537022
0.393643367613
0.209236454674
0.125854157345
0.177033861553
0.447876830395
0.323605756719
0.436413648024
0.294136672068
0.285236705887
0.149749240156
0.224275874955
0.357742481295
0.576091877289
0.343487649476
0.292850356572
0.652237335149
0.664017329431
0.480994989515
0.42499412294
0.227649243625
0.262328009735
0.452995190745
0.565953960479
0.372357078904
0.186657254709
0.2332435865
0.371059246692
0.585686461979
0.267331641133
0.410561011614
0.484566263688
0.372041049512
0.396380486226
0.340234979691
0.423337084845
0.254435323628
0.263227600864
0.388984017633
0.434420760935
0.418017314288
0.507969467492
0.464403024358
0.398638796963
0.351257212716
0.4924336116
0.314643428383
0.467277329815
0.414895390634
0.328810220776
0.253921717058
0.456575615371
0.309383692353
0.399854521288
0.689152024934
0.31899669306
0.432098204911
0.580330154647
0.483090599817
0.417158763529
0.549678406726
0.463667966807
0.297995053289
0.342872944836
0.323287576183
0.433074668476
0.593503929182
0.436166493733
0.310237156973
0.566194344701
0.391831884426
0.409687757435
0.269859310705
0.337168948196
0.317570017732
0.332449921414
0.496473918304
0.192586327206
0.489908558393
0.322732186798
0.55689255059
0.472895129931
0.421908121423
0.414996484216
0.32483024057
0.38606764256
0.502483207171
0.582283862709
0.47387184952
0.135752386628
0.276768860863
0.54124916903
0.508351080113
0.244224725109
0.476345705371
0.626464528826
0.426965059357
0.43187638831
0.545369071248
0.297912544986
0.465862560647
0.349633829568
0.342611530569
0.497604828463
0.476560441361
0.655002348734
0.269037289617
0.487148222334
0.392576748651
0.41129794733
0.522273110175
0.348492330012
0.33400794988
0.416841264697
0.347307453611
0.420693237562
0.324876162063
0.380785990766
0.499318595688
0.390315923773
0.278900895449
0.396405062732
0.416354866703
0.505309997474
0.356626848381
0.384260200096
0.511822259996
0.425647476463
0.461634885402
0.406955183235
0.544082064772
0.277695565064
0.329356852524
0.603698049155
0.473760944858
0.491082349788
0.279179375843
0.451851862197
0.416392798283
0.403621582337
0.326701874461
0.367931334147
0.670353482332
0.326482123587
0.50294842861
0.379545761848
0.416675725507
0.577593780301
0.488111603863
0.463033885322
0.446398353732
0.504211058626
0.321479948002
0.285303561837
0.151280260453
0.443964078491
0.212435601839
0.353809436326
0.542547295728
0.385706010265
0.587275665662
0.376273454457
0.336961452491
0.297199344634
0.448320419242
0.669490662818
0.369332823587
0.385926173397
0.541470901698
0.465125135147
0.473054774919
0.498573022249
0.603621009003
0.341181420978
0.32042898854
0.260307188635
0.282684695031
0.426144342574
0.295454210729
0.312351058885
0.297130789487
0.338935046722
0.401844401424
0.545428537586
0.323629459089
0.2840825073
0.39981088759
0.470778164349
0.493951072027
0.284946468218
0.553586852836
0.31493653223
0.461983543953
0.558886578549
0.322946808702
0.516549959528
0.262563036524
0.456377072451
0.351685795486
0.487794999419
0.277851308289
0.460122237873
0.566427879445
0.438299958085
0.39705626466
0.294873949349
0.552259252168
0.2299973879
0.27728906287
0.289309440781
0.253842291482
0.434992909061
0.335190989909
0.522743531484
0.226657710742
0.470083821327
0.675278247978
0.440980692077
0.467190489183
0.262809636654
0.47907103513
0.423316839881
0.426563276961
0.515682017785
0.368563370072
0.328734397954
0.288806756044
0.345530851786
0.442678997366
0.429914468411
0.432816179848
0.524617617063
0.418284200691
0.51477239325
0.372030996915
0.40255676709
0.385891219523
0.278763088328
0.276138980595
0.495927683548
0.296069770936
0.492157839903
0.502301119275
0.584914055794
0.630283339237
0.475468382017
0.439511325025
0.640138506701
0.61897953494
0.360269411024
0.564749674763
0.542653285133
0.322179962675
0.305277055342
0.330251940592
0.465709186551
0.436030729671
0.301961535259
0.461976632984
0.267604362719
0.314812479555
0.563294630903
0.373767192194
0.492015276774
0.307930671031
0.105215634771
0.491950300027
0.431608108862
0.369961071011
0.220160147108
0.455236484302
0.494085678181
0.238315722281
0.459174207484
0.64020565299
0.422338573301
0.330908085047
0.256406708856
0.333983507011
0.269713561128
0.396288456838
0.41146812129
0.323924990084
0.494850531916
0.402182416161
0.493682349986
0.55124299359
0.51538307645
0.516047750453
0.466700072759
0.55347427293
0.505814947748
0.19914167862
0.403526257249
0.297345806113
0.354414990096
0.251179928483
0.255489801587
0.47163480851
0.337188982508
0.371647324146
0.531773415712
0.435440467615
0.641141469726
0.413849724626
0.261853266327
0.503999591806
0.469720483006
0.481780034853
0.475849532913
0.526278304793
0.708036398888
0.465362445485
0.399225810492
0.635448917594
0.272661267843
0.347394369952
0.409190133667
0.294469079889
0.293870706336
0.5494292408
0.662421455615
0.481955100971
0.626755921812
0.503134464985
0.53543316957
0.527449997571
0.475944388794
0.571796266376
0.457308362144
0.583096674991
0.617951024492
0.2121989625
0.286492447983
0.36171443719
0.408919669583
0.505910525902
0.37273622401
0.343411089445
0.406054135306
0.552589088891
0.509418681631
0.37969649722
0.457319966686
0.393459001438
0.306770957743
0.385801214956
0.466515977213
0.545444750098
0.5486729732
0.526407523821
0.4986362883
0.423919574573
0.449283145967
0.412252686708
0.394990707232
0.538824260928
0.346161830236
0.449777819627
0.475679233889
0.403474288364
0.348142293486
0.511485520765
0.535047605124
0.467883516899
0.364489888072
0.375530576094
0.539360578492
0.189076529887
0.53976533844
0.472157688893
0.479211785309
0.532363421063
0.420721694806
0.292914697745
0.480226035302
0.619766681794
0.477402484022
0.590539440606
0.399676954307
0.307849102934
0.313998276618
0.334142467017
0.444403388745
0.387370295548
0.401854147701
0.276347906928
0.562615069268
0.376835884169
0.492380172289
0.327693832033
0.202052543265
0.339705044934
0.216124968136
0.211352046675
0.658881604153
0.433693932577
0.600620382719
0.410740725982
0.347059676807
0.469068397611
0.376184986781
0.223768080396
0.354491773932
0.310761168046
0.326174026219
0.306170967304
0.363724146009
0.388644143346
0.150686130568
0.402795689189
0.641556212978
0.329887349213
0.290543473103
0.397768084165
0.3886378076
0.462211563353
0.463517095857
0.412465551264
0.516767696061
0.461994700267
0.483489628552
0.287400642293
0.577513866847
0.426843959084
0.556107651724
0.211117716549
0.458569312798
0.36893150655
0.38064856762
0.566153006378
0.375351936349
0.342700589407
0.442746452074
0.47234509467
0.54766863452
0.339190011442
0.379871114262
0.427927964901
0.457017793073
0.226325733475
0.39242552057
0.401735248538
0.450073252931
0.554129551112
0.314514290805
0.424487102356
0.428629012282
0.429412814102
0.324196156788
0.291958174897
0.518312059541
0.504905034562
0.456006744625
0.459552338742
0.344192257854
0.493535273304
0.390492508796
0.523413969277
0.490949340045
0.238219870463
0.337658606878
0.478086203345
0.26897466558
0.467261658709
0.467248737888
0.505658150335
0.539792322167
0.323150157788
0.370825011049
0.422380450798
0.369738902724
0.267960781731
0.458911463784
0.470611405086
0.315519402242
0.495692585317
0.524362524979
0.435418086409
0.409473448823
0.477837510716
0.459221048218
0.480493120909
0.478958117715
0.420025594395
0.400984710323
0.469920434944
0.526611599114
0.425674300203
0.372143671796
0.510799432163
0.325562588083
0.282119285377
0.406699799317
0.633618752098
0.451249634509
0.505770712087
0.426989023801
0.410919983548
0.578768643519
0.326740489179
0.357407436621
0.642231591436
0.495761939896
0.400694145015
0.572737600435
0.369702989338
0.397023616239
0.292685395854
0.308905794449
0.417943356493
0.311863804478
0.432683606743
0.381074951868
0.533150974099
0.440893162214
0.493329202757
0.564323856033
0.361600116663
0.461716645606
0.48307181981
0.486067178579
0.530669581013
0.52332049728
0.475046789889
0.575985443307
0.320823831042
0.550661747711
0.299095311942
0.207682790521
0.421449237528
0.378807906151
0.347548477979
0.691318729513
0.429734761535
0.356716680865
0.275375845342
0.429642658756
0.367290956864
0.558796853879
0.276164830996
0.329189920207
0.356699846178
0.402054028932
0.625085249962
0.450227057213
0.40425118594
0.532062932896
0.323722368868
0.226735163234
0.316357136838
0.356457263537
0.480846443016
0.184331117878
0.45001186401
0.280730192157
0.616289417944
0.561243076644
0.273049959621
0.529745655559
0.369234188727
0.493207122855
0.448158120297
0.302497533372
0.609998114389
0.369191268262
0.384810747554
0.326379735898
0.444741510114
0.238952295261
0.321866204412
0.184926641384
0.501533999278
0.343478007993
0.28986125846
0.286802273758
0.530954671023
0.431027689513
