0.533734951819
0.450143811934
0.364789174281
0.368872316588
0.465996357633
0.553990965772
0.526693892729
0.61610528443
0.578518078172
0.446910898338
0.452059769082
0.592499221823
0.296255701867
0.340494381842
0.390609868006
0.425428002457
0.510334899768
0.31314179569
0.374638670085
0.383597909143
0.637173137309
0.13802808465
0.277372162847
0.431073364518
0.520772733726
0.410164675134
0.536473088858
0.274547380738
0.352192840339
0.452291646373
0.497955999334
0.501271227569
0.440242286253
0.297686533291
0.486674445321
0.621278656849
0.373950052101
0.405950887061
0.50859198463
0.542781333825
0.418389422365
0.453810763726
0.533260076899
0.589567066137
0.483831204362
0.468203411374
0.422540607089
0.393590194301
0.489487621529
0.437214851569
0.434712939571
0.322321047816
0.436073038808
0.541300449109
0.695669019582
0.430960324745
0.585053579576
0.486655352228
0.589704820452
0.388237663421
0.439371195715
0.395821395942
0.498292579675
0.535351335898
0.36461237786
0.468281650226
0.544136689565
0.454263172302
0.496657061574
0.505066905896
0.471830112386
0.386014745345
0.341687996791
0.532106482345
0.424893774807
0.37487473062
0.580841079127
0.406369052168
0.540842903289
0.535015209185
0.525208685226
0.333754642329
0.601342922702
0.479283230481
0.539848778061
0.408232479967
0.496937953548
0.567732541717
0.441139159096
0.368554657731
0.64284213864
0.511644574082
0.429772984673
0.598550430214
0.389106077987
0.5163813817
0.590203293922
0.399197515842
0.534125444761
0.294488296377
0.33300855698
0.381307570023
0.625713093239
0.636008798878
0.507809317454
0.575234928342
0.408562553709
0.434752852758
0.481393381123
0.460768363375
0.483416717769
0.454199572942
0.388170359601
0.305832193918
0.620864581349
0.387740502231
0.461657187929
0.384957208608
0.504210291005
0.391992087197
0.490419637357
0.466915860115
0.423457583032
0.494626376459
0.285683617537
0.538693127239
0.443843384807
0.506987066775
0.454528544685
0.569554473234
0.51006755583
0.360383372276
0.475626488913
0.566887379178
0.541396300302
0.463894154459
0.460543660155
0.575119731548
0.431574679733
0.489949121448
0.449627124543
0.329180574115
0.460375927239
0.448461854976
0.419678354357
0.540324404665
0.562588809231
0.45201859645
0.58326129076
0.443955025415
0.501394092876
0.313335880221
0.371154563053
0.587569396877
0.55976128374
0.486690929204
0.157676191789
0.441232058814
0.454694735134
0.231563241743
0.503769818195
0.443496248852
0.34292524897
0.380647646842
0.509704215579
0.434915212804
0.382339393208
0.511075920411
0.393601359773
0.436535029611
0.411593293574
0.192421650169
0.643225915242
0.383630629216
0.430676625945
0.357577760246
0.55798967402
0.479839543788
0.27040594942
0.266265356287
0.417400252263
0.545072477583
0.412515366843
0.488628046707
0.463855710669
0.553867394117
0.405152783604
0.487206485606
0.550418268961
0.303460847587
0.409972816579
0.357754304974
0.49353413972
0.539338132763
0.314955463107
0.460052964058
0.498417283109
0.449219424854
0.228927004412
0.334902928894
0.609154194995
0.400454765993
0.365326777097
0.39392554485
0.61951862177
0.582486168009
0.659657159062
0.355211337331
0.46429101158
0.49545954092
0.552198796059
0.506150434375
0.444910827184
0.470187632749
0.436481325195
0.550617168148
0.446849795959
0.374978541203
0.479868810813
0.588188139334
0.394476511664
0.57866251927
0.487135179381
0.327422913171
0.499811392565
0.466906472449
0.503879845818
0.364747478639
0.545266297487
0.363383462952
0.409264140415
0.346252890155
0.477746398862
0.593146067377
0.505686527009
0.398119685786
0.384344338317
0.542712929087
0.409237534586
0.558909795215
0.482961053735
0.392158502304
0.520859248418
0.395804198969
0.619103704837
0.422577210231
0.302690789176
0.51416513057
0.387796676237
0.390526946232
0.561299249091
0.435613351613
0.525463768014
0.384842507709
0.570362929153
0.407302443877
0.482702919379
0.642325024848
0.42016790916
0.463866615403
0.40751734762
0.506150294804
0.366891162889
0.593941765574
0.522282742659
0.460775288518
0.412744737335
0.521548449145
0.470571582234
0.623065438408
0.630352206232
0.382495917041
0.429754543065
0.577951182014
0.371731132838
0.515053666883
0.507244659648
0.357702100832
0.511064417717
0.556045207584
0.269670246474
0.435058461124
0.552982018214
0.375036026321
0.36603306753
0.477303125235
0.619205524991
0.628355853843
0.447261474393
0.497782351899
0.394821471213
0.437037912969
0.438478994484
0.534045495381
0.307982471678
0.373242080791
0.479581027867
0.480632446092
0.34473453553
0.301358055066
0.428532364187
0.443215229918
0.200533696076
0.474351056655
0.485614483316
0.449146420681
0.419200080003
0.417985614267
0.409062217027
0.58506202365
0.59815650093
0.365776690027
0.480566521282
0.332368453682
0.695231458245
0.538405359795
0.328236498543
0.61884241122
0.427858681537
0.463351190594
0.417448088895
0.57371239997
0.456961122657
0.376638486461
0.46363998597
0.500777789379
0.351487345467
0.618736616599
0.481344157665
0.372461769842
0.529829703608
0.60726565993
0.432302993416
0.438068251197
0.469816271241
0.321128783242
0.54491593264
0.450586789361
0.539921434351
0.461604777512
0.425009139433
0.465257793162
0.411446829879
0.604920993674
0.247098173985
0.379192752314
0.524756075629
0.509185369625
0.225776578114
0.373049739566
0.139920781758
0.44324117133
0.371238241047
0.200915040529
0.409549449002
0.420169979977
0.507028205862
0.391810014424
0.352321071905
0.478656663014
0.502842095506
0.478485512217
0.445184108963
0.504964013259
0.462141507702
0.463626391504
0.45516404122
0.472958476803
0.333243175503
0.476091894905
0.396189319529
0.480341998392
0.521924028097
0.349073260343
0.21157466877
0.582812397564
0.444199025138
0.395797292483
0.333000044054
0.153728358747
0.366901154479
0.539109112912
0.483555454261
0.537369719826
0.5923443931
0.301851755649
0.635725594702
0.367916591884
0.574560587325
0.492314072224
0.422260159822
0.321626949206
0.445924497333
0.47042151131
0.689715704722
0.509672102553
0.443061736183
0.34929557795
0.31910747084
0.249608244718
0.321998405557
0.551038016368
0.350361453178
0.317506101503
0.344816277048
0.285422163802
0.451483963274
0.459594505566
0.477163588045
0.487624312406
0.545196887121
0.630070241519
0.4890210008
0.420632035638
0.32173390691
0.381544349682
0.35576199214
0.320630905687
0.212008480758
0.484690592748
0.335771550863
0.495535567231
0.363699233933
0.323038115166
0.49117170083
0.561790670701
0.451415587206
0.469566833156
0.307085261603
0.428950492894
0.34582516763
0.396458904104
0.396605015147
0.499540104411
0.393232339989
0.432853028721
0.414813847131
0.374026742432
0.544839036489
0.475622126872
0.438439228525
0.513476858108
0.401046657266
0.376892789108
0.369114981208
0.421613067319
0.478526387115
0.506787187946
0.473620931833
0.453553312396
0.543997589089
0.471821953887
0.556654195391
0.309343410964
0.458032147516
0.493195220445
0.552794847035
0.277930992446
0.584474995513
0.522474554956
0.477498271088
0.39269724361
0.380586139306
0.533385509616
0.508750111543
0.488978018087
0.563257953123
0.476732694891
0.379780247522
0.498279952965
0.452974909791
0.57986604075
0.522407453968
0.469042721994
0.360911989644
0.29423259008
0.476765065815
0.397834429975
0.602836126484
0.530668500621
0.473094133522
0.603632395096
0.270866291211
0.483375586109
0.604565442627
0.441321919782
0.420180900529
0.423788683702
0.434209374342
0.466154904182
0.309781226751
0.43899031318
0.437209354129
0.555658555978
0.555159511685
0.352878027653
0.618670187039
0.281246198172
0.338244132433
0.445189228647
0.373881795101
0.577421275053
0.329719349463
0.480151869788
0.504523444401
0.490988027342
0.456036886143
0.504887142118
0.500713438909
0.402854143249
0.465392705427
0.508563876201
0.560123604261
0.382691757954
0.350683018725
0.488474477272
0.334641122918
0.458795092966
0.534829429274
0.335070691402
0.536785749443
0.394187289336
0.379933306208
0.458995616979
0.447685511583
0.361640318481
0.502836958713
0.411759485279
0.409179574487
0.37023881882
0.493646172048
0.511228616024
0.701161521235
0.496919354345
0.391013163212
0.525912193036
0.428530784579
0.623902930798
0.356261353593
0.595935456179
0.488066459323
0.390968536599
0.312131378695
0.41073010709
0.497536725591
0.450753016132
0.609839797275
0.463135362584
0.527137657947
0.560926585614
0.457015613884
0.449637032785
0.413204547744
0.548780175959
0.429409031808
0.654691819569
0.433216422616
0.401070805275
0.352918356035
0.341134024362
0.50618320927
0.463238823427
0.332863211545
0.493436968803
0.511542161352
0.359443746675
0.486622438983
0.428965662173
0.502828708942
0.499015782216
0.454605004796
0.354421018482
0.444802681198
0.634209130386
0.612267234026
0.431144795039
0.270714859745
0.511989775228
0.281031886036
0.394224884142
0.632987696865
0.386804780182
0.392775192765
0.617382556858
0.379759755398
0.156144422363
0.639822083256
0.34895783776
0.565565157699
0.446521572515
0.382700656542
0.446437917316
0.716027208665
0.379449957159
0.314876434271
0.506478912564
0.283794702756
0.490873093255
0.561514474878
0.342767259376
0.304825819563
0.54656660785
0.49589849285
0.599177483036
0.284416441383
0.435996198046
0.562378171047
0.541433463532
0.468398283143
0.467305840282
0.35642131265
0.475501572437
0.3199789626
0.578798989432
0.547353776782
0.354588536736
0.383301163233
0.341118285378
0.461115530502
0.423445358374
0.460516226409
0.436678269529
0.252823764036
0.484818372261
0.39231129012
0.56031419196
0.324522985282
0.323207056969
0.589829678238
0.361948202956
0.646027326678
0.352579156206
0.508610787121
0.620229410798
0.348567683448
0.341876638215
0.40760924442
0.36710297546
0.32952450741
0.24667269419
0.477384160335
0.244198037943
0.311714860731
0.523789831655
0.335131369987
0.632656103737
0.575072399931
0.515324381386
0.508170853928
0.454101523288
0.626993325238
0.489148390424
0.615902415949
0.450890548388
0.574972482574
0.352020541632
0.328775452924
0.637856244483
0.578420867663
0.47516575827
0.449717301889
0.446636233981
0.707859150906
0.317124109927
0.252477467302
0.453882494262
0.466765994439
0.471925077956
0.59965920981
0.405209284899
0.571906596683
0.280584465772
0.330022877835
0.664948617946
0.540780924184
0.243774989475
0.605379115552
0.435967276805
0.465443916019
0.480187121541
0.351580338599
0.492250741801
0.353279862255
0.530644402578
0.584593089736
0.383020088477
0.476620863981
0.518803460967
0.447534399104
0.342746307456
0.627604925235
0.513134428297
0.481873450799
0.493262963388
0.442508375197
0.287285625419
0.424241305507
0.488428857242
0.445615910684
0.35122414221
0.48174570418
0.272586819022
0.560787786274
0.384456445369
0.493079404321
0.597517269353
0.419533814012
0.453312530863
0.512536490664
0.517663044549
0.537611727245
0.261538674019
0.551167771275
0.442242276212
0.400166167908
0.514429737997
0.532443362155
0.466490574404
0.45779709852
0.605849799031
0.307008735732
0.323713627186
0.286610188014
0.461854249695
0.479495330913
0.474953454739
0.558871824537
0.504339002644
0.478142633807
0.52542083025
0.395383501283
0.413267510898
0.530365691481
0.441608997456
0.432015982275
0.354790101989
0.298188844085
0.3890606833
0.326920543732
0.486565590119
0.560309639294
0.363882355597
0.281571302979
0.415969321174
0.442126273446
0.441074402679
0.617667295824
0.261219417611
0.239134875246
0.400426339905
0.366770310389
0.388915073499
0.489723173995
0.364049400638
0.502644629681
0.439918694543
0.198914775261
0.468293378805
0.291619181602
0.548522990256
0.555453859865
0.414744532937
0.583916400416
0.396695515045
0.517532859486
0.511249932087
0.449616881671
0.362545611921
0.470181834268
0.526855532933
0.316626358834
0.459996460508
0.427310843224
0.593373895135
0.454546822363
0.66531401355
0.477795455961
0.523496440455
0.32569505242
0.487548477942
0.381091329352
0.499545772974
0.425499828912
0.462577724401
0.424536662884
0.614174151466
0.411183056357
0.258351390081
0.407948425643
0.3108906914
0.592485140193
0.578617273523
0.422031383888
0.450225627346
0.359058606083
0.46824900734
0.476348313928
0.257960417422
0.47267862343
0.43924729466
0.436764808217
0.549098363348
0.499897275047
0.587736312321
0.41535317224
0.49677891749
0.438532471302
0.457369037934
0.485801681359
0.476270348481
0.371537223041
0.398054785537
0.583363687086
0.537748853239
0.326715889119
0.678860850324
0.45482887794
0.532698496122
0.332156763122
0.393494541596
0.359936694
0.463686010321
0.406967926815
0.493516310551
0.478101594556
0.473344649278
0.393965904745
0.494739982595
0.481390225414
0.368922043066
0.569940245584
0.326702984919
0.442957729641
0.465377219068
0.378909856166
0.355869012053
0.560673031526
0.62700907613
0.478939023436
0.636576012969
0.551594723929
0.550714601263
0.358630886744
0.463670484824
0.40022427048
0.424370502682
0.395722155802
0.441423460533
0.492276042046
0.531029207061
0.380773204957
0.295423608838
0.441986772799
0.555172730339
0.542580374921
0.535688271087
0.317133607168
0.515470840613
0.514360423623
0.575541798564
0.373643588338
0.270312894931
0.542889550532
0.44910189341
0.520180647743
0.317770367406
0.389024388823
0.4001121178
0.51061991158
0.460849676227
0.369897741259
0.347736904862
0.48589937296
0.632514547655
0.29241658409
0.301604023071
0.645019137062
0.416522446625
0.363321020038
0.354465246788
0.438629503854
0.476172669692
0.293203838908
0.461429215405
0.494480295053
0.308232235926
0.483514886654
0.43451673744
0.483965408296
0.466399188193
0.467623377969
0.392809034651
0.415799529487
0.366042771782
0.349821779057
0.470378161819
0.368883468002
0.414934954302
0.461629901708
0.51119597757
0.440796884241
0.288577178103
0.37817266194
0.593791221251
0.573699033221
0.452433764681
0.41855118938
0.50826333491
0.491596971967
0.340611933978
0.483441062314
0.496785340355
0.219304775325
0.338993005652
0.392646688157
0.668223729298
0.457327815778
0.538898229123
0.465791344297
0.332022372421
0.21681406715
0.190578756537
0.271221121181
0.454457489833
0.543155642037
0.383910399395
0.565043926876
0.444925835541
0.489440525782
0.531076978722
0.687034573089
0.455920704099
0.39913391529
0.493729813823
0.480216569822
0.411178920778
0.403028496659
0.59011800384
0.418645349754
0.570830317678
0.347227317795
0.396526916792
0.573287330164
0.544893268681
0.464812722943
0.41664623392
0.502756122778
0.544198232986
0.290780844529
0.470853376035
0.308040569378
0.607215750817
0.616253415456
0.702836516623
0.501936296514
0.593634455622
0.506013547856
0.489590929687
0.607515493839
0.418869381174
0.646480207479
0.491530347666
0.372211471998
0.552569589098
0.399719790161
0.382974241922
0.433082503391
0.460812194208
0.567843995148
0.342259795074
0.433904094394
0.44363366407
0.436313446565
0.415697913042
0.280707820356
0.385811692375
0.327801086812
0.28463546942
0.491346514547
0.502548324157
0.397403979315
0.337105213503
0.580804806417
0.348608723504
0.588821738597
0.554908345583
0.421842215653
0.605578012375
0.5775742016
0.265062229792
0.402938250727
0.616450555115
0.426030218976
0.412393258709
0.504281236507
0.497391590417
0.481905542528
0.601999645151
0.543299071838
0.360865151885
0.464499278644
0.480788002365
0.361514793645
0.403501598382
0.545211197971
0.411846193471
0.498785949011
0.348569628705
0.612008095249
0.505863454705
0.354974418778
0.496483241072
0.553640504594
0.45174072811
0.52410546352
0.3477843511
0.386732760086
0.346055821368
0.556118283957
0.570309768122
0.379087125583
0.476005606054
0.397987424791
0.520107456769
0.494586013723
0.354035837298
0.272700108602
0.520158610948
0.428744010197
0.522027750003
0.392338804162
0.493802202607
0.335497398697
0.404214469662
0.588174454052
0.57923266594
0.386086713932
0.540246877371
0.598046881663
0.500836616514
0.513339955516
0.421362366777
0.413893376553
0.478175358644
0.561511736293
0.519065225454
0.559477675988
0.487231466462
0.446455804076
0.651906220967
0.304156898796
0.453762692369
0.499689278998
0.395944400438
0.435733078162
0.344213710984
0.453239680498
0.5202237111
0.603258960555
0.389199376344
0.56000883138
0.201373339362
0.479050194222
0.560343868596
0.46496242453
0.514315084201
0.378912515295
0.368196149487
0.462998294028
0.414330432179
0.574816571471
0.434734988452
0.356186906271
0.495660840061
0.510095541239
0.376099514988
0.391799670562
0.490483218349
0.406841194541
0.476003525669
0.308697089696
0.517192120391
0.428167534895
0.409731407441
0.281005312597
0.597725358883
0.351745738132
0.624791222282
0.540169007619
0.607469215756
0.315041954888
0.481141678768
0.423534301858
0.423068756168
0.303626022189
0.266077498051
0.411354053347
0.393870269143
0.65268247122
0.572211293582
0.31956658634
0.593490089888
0.52378316473
0.465805117114
0.499581104563
0.447857389437
0.517982757383
0.407630552341
0.654177387744
0.358534110938
0.359070064905
0.374094796652
0.508550297671
0.356906656006
0.464671581632
0.417515667106
0.449825248484
0.371491063866
0.528925977787
0.308804361947
0.33872497276
0.442341836122
0.577927530517
0.648883359822
0.30570148868
0.465100215535
0.440305168044
0.307845859885
0.277081641733
0.404653130274
0.324960584823
0.402141584603
0.707870249226
0.404999629689
0.428023262507
0.521564883273
0.402592690388
0.546344378198
0.545422283411
0.334471210546
0.462452732352
0.336252683332
0.544145558137
0.569087971071
0.404131537364
0.319998535753
0.361944202171
0.585334252403
0.3946122504
0.340954607676
0.643734502049
0.398166591767
0.51694985485
0.493873384545
0.274904794555
0.572930956975
0.436683418485
0.463173326648
0.494555975002
0.411695088791
0.501916974616
0.5721072461
0.686995728018
0.459662174958
0.374545475141
0.409757348224
0.575897435306
0.430741939995
0.44424639478
0.425912949209
0.576892264343
0.400788463352
0.516100141948
0.385691797015
0.500240848417
0.401474514444
0.677944943438
0.573564182545
0.403176003052
0.376856917604
0.493723008698
0.565917149859
0.383480416058
0.508016956485
0.511787079443
0.608078782282
0.308608822009
0.332899300842
0.433507639281
0.368139976835
0.505615323299
0.290660568893
0.334468345404
0.539799145526
0.499998167285
0.582699448416
0.458230000604
0.523492928493
0.281869639246
0.378991642522
0.304328842146
0.383114730791
0.417827550294
0.22144931448
0.228058295653
0.291701604614
0.610901119103
0.551739190705
0.42651943454
0.555785302778
0.434714147244
0.356688673252
0.467095841515
0.509209423121
0.46441247063
0.591598296485
0.528367538387
0.480430717421
0.47873333824
0.299577498319
0.506405884547
0.600997612836
0.573261384872
0.64119184105
0.369741664102
0.584818307335
0.499347739793
0.44134727603
0.577651131803
0.528996841376
0.502914271945
0.594978987703
0.248522722299
0.338869228248
0.227421555527
0.235729618051
0.283197515346
0.383745124423
0.284158513957
0.474448000662
0.494304348911
0.550902538796
0.526353522055
0.613037749387
0.38969318129
0.423684324975
0.40525239896
0.527211478487
0.327556195863
0.560979504329
0.443342254876
0.416057087352
0.35167188778
0.539835034573
0.331765364413
0.363689696441
0.40887461616
0.575094299855
0.556262453711
0.442214108154
0.57342212889
0.531758316527
0.456927633166
0.426418854206
0.554462433293
0.325010177225
0.553265390302
0.471610860463
0.671962660362
0.451158046411
0.335519638153
0.401419579682
0.389198535513
0.553025946795
0.46483929576
0.299706112031
0.373974649001
0.560678837524
0.463425502856
0.472818757523
0.406083632213
0.459385020924
0.399289043014
0.293517202267
0.495048785767
0.565550159442
0.253806708963
0.571971793657
0.50851512638
0.526893824006
0.475488210095
0.540275493415
0.487884541951
0.35511513943
0.574924524932
0.434564842904
0.63643311141
0.398814261196
0.559545522371
0.415334722314
0.639058411418
0.313362984203
0.340390090984
0.491756441965
0.509502078768
0.438080515301
0.48519571356
0.384488972111
0.536992871445
0.155279466621
0.423092420361
0.306532780207
0.336022314435
0.443539818085
0.204616206374
0.356996058628
0.59103924574
0.342189407121
0.585040814934
0.431098637194
0.334346184926
0.405861820544
0.30514133197
0.379346430017
0.463363188316
0.336280864234
0.574693879086
0.432101940359
0.496649189771
0.480595383977
0.531202351195
0.437597401543
0.448649253947
0.625658680764
0.436648476666
0.485035780455
0.448909334771
0.278145892011
0.499908478198
0.391407614884
0.232838373403
0.598352302617
0.584205183687
0.406818833743
0.265913461583
0.525148912249
0.44890276647
0.356872500456
0.544451376764
0.575233910387
0.459011343152
0.487275312432
0.342697680504
0.365000087704
0.32015234483
0.487937863735
0.511259078708
0.336944220883
0.438734558921
0.409655490908
0.387022447763
0.485218722732
0.483222807616
0.476270802744
0.504986010551
0.429361913048
0.468232755238
0.455303004335
0.413137613544
0.425035670006
0.356918494461
0.56487168998
0.282859597692
0.577780420608
0.58505262452
0.711046169874
0.415708457081
0.354402736748
0.466402928077
0.362659021145
0.312586784063
0.461145212185
0.530802874889
0.389281846406
0.545152524412
0.562102975117
0.341078978884
0.336975056864
0.360139297205
0.506885390489
0.450273624798
0.478041457233
0.447279697677
0.400528378143
0.502511467493
0.411521585611
0.365381068269
0.340774214196
0.589056540796
0.305184915372
0.352337360958
0.483526981152
0.504765191891
0.408738344219
0.622130509916
0.437195926549
0.30648711773
0.409930049878
0.482541265124
0.513368499452
0.406208718879
0.409676426785
0.464816342609
0.531791522073
0.443344739048
0.309006375346
0.386508093514
0.491371493329
0.406038241357
0.502657105861
0.584863960744
0.491054063706
0.49469308856
0.489747982743
0.648882266933
0.552135713776
0.378426065717
0.432787838779
0.422864131971
0.511530769487
0.307955403282
0.439594544395
0.479736547299
0.455481645094
0.507322002032
0.560146560054
0.390271483291
0.350516155636
0.408678363173
0.35741337326
0.493558531166
0.344192163949
0.318373680104
0.338745500741
0.380943845106
0.557098492635
0.451103779771
0.328877819362
0.291365741048
0.364767774062
0.377003295302
0.47283976103
0.460496620103
0.451376005143
0.469262718967
0.549246295116
0.484891394329
0.470226201737
0.527055066295
0.323179494046
0.51240889195
0.365252193276
0.450040710411
0.493464592024
0.37007882608
0.327139205236
0.511524120122
0.359507814452
0.336585891988
0.330042701515
0.453549190024
0.356600299664
0.455323666555
0.594775246922
0.256562670509
0.278738841118
0.407132394315
0.324196546301
0.319105047251
0.305876357885
0.300671672777
0.393942055591
0.463039382
0.334882439052
0.460337576579
0.489714585798
0.499521132775
0.351901080863
0.368774217335
0.326490704763
0.365370240589
0.330257376465
0.400908073645
0.361869542326
0.455872118977
0.460064016355
0.403483411938
0.485028620398
0.491618107409
0.382878115111
0.434480862284
0.592142769635
0.586690753389
0.38653769431
0.438960694863
0.486171965624
0.462442031003
0.5093570221
0.624732414696
0.479328010158
0.587177913726
0.581604621348
0.49023753171
0.508289178762
0.457791731153
0.552877578016
0.541448136064
0.476325409851
0.302292978926
0.483032748106
0.420884292306
0.520295632656
0.606687063672
0.485145846262
0.519695829416
0.575165063606
0.592111047416
0.455100955276
0.41770747892
0.59415856872
0.36592846444
0.380882455256
0.511005881157
0.418439910674
0.444932718862
0.459773003881
0.436643194667
0.432585211137
0.592876796645
0.53130998455
0.482385492711
0.330099394224
0.376725229614
0.499729691525
0.391361434573
0.325526191674
0.575295648297
0.528048983144
0.301262597691
0.293789412661
0.44075713351
0.46845919261
0.437578911032
0.523454275666
0.628997999091
0.472542108351
0.399851724599
0.552184073425
0.352324135535
0.653324632911
0.483003298287
0.405246652213
0.421105041149
0.461206983587
0.495479339846
0.397916161052
0.455221464566
0.576888577682
0.409419314304
0.628299921871
0.383817920483
0.653018732667
0.498387168324
0.481535072262
0.352662407804
0.285174600582
0.624189303033
0.470194115538
0.653171208293
0.507721613988
0.470104297492
0.417012853923
0.454169006856
0.317455373882
0.273507767894
0.244705816499
0.420061415561
0.404053231642
0.244748866417
0.282354093463
0.486358131396
0.529027182519
0.186129519603
0.440748455234
0.344314004185
0.378038258512
0.379047874187
0.367920481514
0.434514049307
0.440216240303
0.559938143859
0.305131998598
0.548426813991
0.357956588682
0.599139893441
0.434454233873
0.374867847102
0.354612294692
0.523249822416
0.401754098738
0.424385673801
0.40156071162
0.419041143595
0.637090607151
0.593233128614
0.61543078349
0.434974538986
0.350028444509
0.508562481593
0.501927851746
0.534693993036
0.719675080521
0.504178618701
0.530415585694
0.612107657579
0.355140284733
0.645414888281
0.392353978707
0.366315348891
0.347728703236
0.52260864938
0.468306815434
0.403008848165
0.505204754106
0.551526188383
0.384936686589
0.560396269272
0.380700033947
0.367509878295
0.597918678662
0.637225494823
0.26648608323
0.475964125484
0.42109274417
0.509963023181
0.528068819042
0.630724196875
0.644881488792
0.444471690003
0.411690259247
0.366793090501
0.239719258375
0.356563533627
0.521309111703
0.438249324081
0.411758519663
0.404119481413
0.380807500183
0.476121312348
0.572383450767
0.51396665854
0.4407076155
0.332382583785
0.410356073265
0.360390847656
0.415812463854
0.384758923535
0.357258288163
0.457275547128
0.451752989784
0.418566030088
0.535097664844
0.412364866726
0.406706739142
0.410965034486
0.467431477969
0.429650577953
0.506171344177
0.445308973848
0.439697827744
0.354109612182
0.446718584882
0.494821141009
0.582820788396
0.33381229453
0.594213159183
0.302298564235
0.405714113705
0.323746239987
0.405684249334
0.415379513259
0.648309645337
0.316444052304
0.510963466105
0.56036537422
0.493231323668
0.452115783526
0.422570868867
0.537063824065
0.472451833615
0.38268765776
0.363310587857
0.491986759122
0.546282951323
0.271001525787
0.441819040072
0.530611764563
0.490440936216
0.473477411652
0.489804181765
0.4669463538
0.373564978601
0.392815111638
0.494065981109
0.574326899311
0.419692111332
0.662183427172
0.406212570248
0.388873614882
0.415909917869
0.569898713436
0.378438248781
0.411941861952
0.551779268982
0.496082305718
0.489014047231
0.596715513833
0.377893577775
0.328871560501
0.281991886452
0.419365921158
0.455790708182
0.522114153882
0.467467686213
0.382235949803
0.304730486757
0.455807796488
0.458443602706
0.255877236371
0.301028985566
0.554454614768
0.432293835884
0.237355257158
0.521363041617
0.260498377141
0.583952596445
0.380566982711
0.356270999767
0.352805066072
0.412768822967
0.391127711619
0.485011791139
0.395915529401
0.340302399804
0.361306326388
0.376269945963
0.422723650208
0.512921467833
0.456469866725
0.333009560175
0.380542309317
0.334477043204
0.442041948398
0.549685728377
0.405296353078
0.495929714468
0.536939432415
0.528505438962
0.409824251764
0.612394253633
0.57329234177
0.578136312174
0.515149634387
0.556406846735
0.411127786362
0.446110079803
0.406383420369
0.656132087979
0.532227299965
0.50049531254
0.602507724599
0.386347803167
0.482056835121
0.495018255549
0.356721778466
0.495435975702
0.534528647081
0.52368778126
0.293022952452
0.539768604172
0.405083271559
0.392240205596
0.539056649209
0.475899754364
0.320861814943
0.481203479132
0.416197810502
0.565982112662
0.566105103069
0.521963366532
0.644984808241
0.382728139514
0.592332146111
0.630595338751
0.583228604727
0.553020722501
0.404843344683
0.377416388014
0.604492906059
0.384888729962
0.385838003674
0.401627701145
0.293045583795
0.558443913546
0.432512944226
0.449263439304
0.555836318382
0.243586169885
0.363129865344
0.274440657808
0.488203957972
0.59166233903
0.569529932151
0.497757118205
0.435685458414
0.297338901386
0.427149983433
0.22598298168
0.372150273947
0.203030408122
0.516638131779
0.591631157891
0.43855339325
0.454454665411
0.432286497978
0.560054182881
0.300602062079
0.436202134275
0.47714188667
0.354114387602
0.472621064584
0.4365791909
0.401047923424
0.642088051426
0.548324993651
0.35893410574
0.398228611731
0.376022652522
0.476192951122
0.399332054517
0.360043759929
0.391959556663
0.470895289187
0.451541056794
0.460766462343
0.483678583834
0.373989853306
0.468227665754
0.476545495287
0.450629515559
0.543654831517
0.577683633592
0.546878395532
0.512729237528
0.404621002753
0.531422932155
0.398991073204
0.390806816152
0.335472954286
0.371201474301
0.540504346317
0.192942616288
0.283886763167
0.309516476532
0.492000868493
0.403689193993
0.466198254274
0.483867799931
0.591954254944
0.388567192568
0.518032870658
0.394689736014
0.45115047895
0.441049288865
0.449912870255
0.529368027737
0.521069498755
0.579730989848
0.203846753073
0.40412293052
0.350582288095
0.47752660716
0.441651216817
0.551964251014
0.322823181627
0.246610976629
0.572362127512
0.48327867382
0.58447838027
0.47765814968
0.453125323592
0.619665858512
0.497156786744
0.239285461735
0.367439097648
0.458983395984
0.547467339447
0.430764958258
0.42243488639
0.624001786181
0.54993405998
0.350765486851
0.309952352507
0.426495742778
0.455588739671
0.375382227135
0.349746911328
0.438623510465
0.392920976924
0.454526487856
0.503188968353
0.504711896919
0.527591057269
0.531956792565
0.219867272812
0.523645661485
0.39155651878
0.441577389351
0.509052165038
0.541617537337
0.466210760487
0.471182590291
0.329302825933
0.320048124515
0.482554726234
0.396995113766
0.494797100602
0.429227778925
0.394405166873
0.531400366417
0.400099296642
0.45674624654
0.355340599834
0.292744838601
0.352534984211
0.44291557405
0.468340592181
0.486643837358
0.34767564456
0.368458462977
0.251034097149
0.414638622644
0.317828894066
0.44388848244
0.36076860355
0.501872799928
0.536920080187
0.68845899145
0.338968967992
0.346042335873
0.403245077626
0.365901727127
0.448052459446
0.534112802971
0.410727440259
0.330454165272
0.311083113493
0.403428730245
0.401909780888
0.625612954231
0.372922396102
0.477069751555
0.548517248829
0.353257501357
0.423255711297
0.744127283058
0.680148083124
0.194223089167
0.25090789159
0.415663123389
0.346187703339
0.494029322772
0.391613201715
0.457468772154
0.458972483345
0.339117972438
0.57960195208
0.363840444238
0.478695301268
0.499457399169
0.431308234922
0.349741677004
0.407831999845
0.295267705635
0.527787103069
0.326611077273
0.470859638392
0.391867902125
0.521918677062
0.434995861497
0.206307815523
0.486211493888
0.476383862667
0.367319014689
0.311267798
0.301211571567
0.273221603346
0.443634986348
0.414080956799
0.313715001351
0.448892182235
0.207299050217
0.385674503368
0.611754133042
0.59374784384
0.489027585172
0.492515017302
0.424913016436
0.497395882021
0.425327518822
0.592142104614
0.560928028498
0.431911763199
0.38598676274
0.402590427004
0.312073176683
0.373159949695
0.355089329471
0.469472165725
0.417321506689
0.54687154197
0.511470365833
0.481423697635
0.506985333982
0.395259225165
0.351999103005
0.495375960164
0.53629580364
0.463497130554
0.425522292681
0.463962724578
0.57574608397
0.518847656812
0.472420721565
0.375219587171
0.457642055513
0.362742746613
0.328296878033
0.362230915529
0.435053823608
0.442353069865
0.507717714414
0.482089400125
0.601621305588
0.205871233154
0.374874779242
0.403063550543
0.316634791737
0.423716559841
0.351801199602
0.530710736014
0.309572924558
0.339541029045
0.493877550905
0.516664869627
0.615135506292
0.476858999447
0.371358393273
0.402426393766
0.257724395456
0.572852021634
0.524331184938
0.565496195527
0.587677406033
0.348119865051
0.401456498499
0.418984307558
0.374608775805
0.519312542461
0.496629550339
0.258116678312
0.435856729818
0.515856548246
0.462503595911
0.454488914151
0.473114757379
0.631649873141
0.584934233839
0.413674151844
0.420551603865
0.528529508181
0.49338711166
0.430377805482
0.405966001022
0.37879140672
0.501401954741
0.405029903504
0.49343638107
0.410672580862
0.461832576383
0.467352798517
0.478495390324
0.427388671279
0.353243208235
0.516842998011
0.376812079075
0.628511101826
0.613596958805
0.50492437995
0.466803948289
0.47864652122
0.438807325157
0.469177545431
0.320977375148
0.558270224949
0.42353632965
0.351276233359
0.53068863382
0.480341252923
0.549698204362
0.333734132994
0.443507396932
0.444119201654
0.468613565927
0.403530602795
0.554598256628
0.42137357668
0.394684930684
0.502195499393
0.512540804918
0.430190992149
0.601881948005
0.267590107005
0.424061719267
0.388651763204
0.354815043029
0.416686433468
0.519689388446
0.48001876163
0.420148728038
0.591980586541
0.485491495304
0.340328004956
0.389894193681
0.469629224139
0.415251537629
0.389651743723
0.469061047439
0.539313312076
0.37044377175
0.380886484784
0.40428798692
0.262586076876
0.470001694536
0.580025885246
0.621863165947
0.509609640765
0.399325497615
0.595495602814
0.395554128653
0.432724803078
0.568383117179
0.520254835441
0.502515621068
0.433493638164
0.520011107475
0.348703910295
0.524025685422
0.49867530226
0.407037451674
0.40110757013
0.196897056527
0.510631153346
0.423840141447
0.445909964468
0.568620392935
0.579237433528
0.391056093573
0.511196117634
0.459681222131
0.462459356223
0.461854592498
0.541658212324
0.649128289602
0.636886535695
0.414795673609
0.508310850266
0.53332891238
0.409645511162
0.526808499241
0.61151840778
0.348884515322
0.50849552341
0.404420479926
0.53177058867
0.48363565323
0.465631337015
0.343326727417
0.534820330577
0.41958082945
0.484112878691
0.470748138699
0.363850950418
0.283461462136
0.363180381898
0.39193091368
0.541484417603
0.402490075449
0.402961030507
0.476624999219
0.465913697375
0.347718037479
0.520787629987
0.634440125714
0.382729547928
0.49424196966
0.524836151403
0.374637740356
0.57285368981
0.370949193146
0.555951925914
0.591848066966
0.265923826965
0.287103803951
0.444473569397
0.475341350364
0.387706258658
0.405530571939
0.53089861117
0.375099170633
0.310685748741
0.456569966748
0.430608235109
0.50694272747
0.523539570873
0.416758860825
0.630091559055
0.495134105872
0.337079370677
0.518547823059
0.329108860166
0.389670646205
0.376007193057
0.387242076713
0.321355664152
0.470855202804
0.418638529986
0.474051645443
0.463168019984
0.335670372764
0.323557962721
0.648906569775
0.396892919812
0.354182770057
0.487683100164
0.410268865029
0.32039547011
0.457372964626
0.438415817672
0.417504003392
0.435026268425
0.507197668664
0.447967037942
0.399303126213
0.443396690776
0.467952692448
0.360997661923
0.409649827298
0.451349275136
0.352270093167
0.433629947253
0.420792343736
0.294736841704
0.57393276068
0.359399613061
0.472559104031
0.48990746659
0.355827104143
0.485679930697
0.494754005981
0.426161069614
0.227663679666
0.436649270092
0.476823951981
0.43012507807
0.406009656388
0.436568592917
0.649798316292
0.595303140308
0.386884802775
0.452345794144
0.54734353013
0.568718927531
0.48533303913
0.496127470772
0.495809863812
0.493121985201
0.621872173955
0.505315462701
0.446426326203
0.431158813488
0.29039055761
0.324197127778
0.433734673966
0.331901589544
0.41946899076
0.331774236201
0.573798876439
0.328390395895
0.485592074966
0.487804662562
0.577696563395
0.441027787354
0.49417906986
0.422696658257
0.362554061251
0.318107212237
0.57229001411
0.463847167747
0.433346046404
0.422766501953
0.524354968952
0.591880010167
0.420944797158
0.529274396126
0.404187482607
0.446901254775
0.547323660736
0.583969043292
0.484330139093
0.564404342613
0.563837957589
0.643330270495
0.321057783847
0.448423172455
0.420730421406
0.38229864344
0.52860452237
0.546451167625
0.614304376984
0.504901351643
0.292517202258
0.34895455651
0.582944267116
0.419695061529
0.358384438101
0.4119815211
0.451949743561
0.529223400469
0.296984451106
0.51208987056
0.562708787032
0.472771931285
0.546743052914
0.585903718605
0.424695648529
0.55340858728
0.461855108467
0.556258826447
0.372309346677
0.451390220272
0.402511661278
0.421290421057
0.487313239612
0.42518788231
0.517966676056
0.298522333513
0.33842301748
0.503475248238
0.375809938457
0.43769819055
0.480754763444
0.322981780648
0.521696714564
0.556946308788
0.422272877016
0.47039443571
0.411356470244
0.484661616913
0.414135671975
0.513896608555
0.453232024417
0.320807869188
0.517488849425
0.346895255266
0.471356002617
0.604638735918
0.355815009828
0.445268749151
0.539939988364
0.483978706676
0.488821069949
0.458212745441
0.648378401609
0.474266567774
0.466758171161
0.342514897628
0.546408154168
0.310469768116
0.579712876784
0.375938157786
0.557920222813
0.64065276661
0.558042604874
0.592297851413
0.482895396031
0.342572590428
0.512352717431
0.36733780765
0.367351334935
0.576464179836
0.534018449533
0.416168806794
0.405987204776
0.409906101693
0.427228069649
0.45420004641
0.47228404307
0.497306890058
0.304721426467
0.441764803067
0.431346626484
0.360544124025
0.373913922295
0.339723552791
0.35663832912
0.301990791732
0.425214023236
0.414066223805
0.469221277917
0.527076648052
0.334627848453
0.387446568728
0.413952281362
0.444713446434
0.578339212014
0.467146770298
0.276770916252
0.58365409226
0.645169743166
0.602653126481
0.361131011602
0.149955890699
0.429226104484
0.544862238723
0.525088645265
0.408510378392
0.401033707345
0.362229032414
0.475311926658
0.546826296359
0.404984621727
0.35845820533
0.564789608896
0.428872231961
0.344093368554
0.449760938621
0.515544480345
0.350454628762
0.389160386944
0.500010655847
0.367598809632
0.357258351759
0.622893692487
0.488646793973
0.448404628017
0.478090086454
0.473700671965
0.338055084496
0.592962707324
0.422320561469
0.315408315027
0.364561046854
0.406435542522
0.503430074555
0.489244382788
0.573371936385
0.253070092439
0.67608942094
0.513586857336
0.52024078605
0.3728370872
0.472875396034
0.556680471739
0.395745924081
0.24979609394
0.440434184926
0.479556214141
0.635470087623
0.439113666457
0.380524059286
0.644648007835
0.359921348816
0.451805177722
0.53325687121
0.26794290564
0.433396375778
0.236335461803
0.398649483509
0.348668679335
0.399398269649
0.459638857521
0.50275385811
0.353114686866
0.399491588497
0.430647439541
0.376996677576
0.507129711998
0.557144676512
0.467432399299
0.394929436547
0.425927506499
0.414991941141
0.45427167256
0.633702175681
0.529153508697
0.504217462405
0.575715610065
0.412328627801
0.383979206047
0.558234849316
0.408887541776
0.553862048487
0.452575695232
0.406219590143
0.408105971317
0.565472598072
0.566580376944
0.368033489396
0.606305873593
0.452866602803
0.415788459679
0.382309443105
0.441710419217
0.352671135649
0.519539788457
0.398336637062
0.29706249031
0.494284413207
0.410786454191
0.513097018415
0.421298366278
0.514485312994
0.546139336916
0.513805974499
0.457664158939
0.494829610231
0.340784373492
0.547597042288
0.588036034486
0.576290920896
0.516164208948
0.640674733593
0.299263594393
0.379453868476
0.521554413408
0.35137297546
0.547470437256
0.243892271024
0.584830567153
0.416924993071
0.330267671571
0.375402125684
0.367825792798
0.687045628918
0.469296158953
0.533804084971
0.450978801919
0.386341655825
0.697477271309
0.480729529802
0.523471775166
0.361618064651
0.476553338793
0.229063831359
0.334176489748
0.426486380908
0.431735123604
0.375199990251
0.340582885999
0.588422317272
0.371151736772
0.407535380851
0.333917001338
0.314563050028
0.376851124484
0.416960620672
0.563388961794
0.415999939486
0.601759092003
0.487371040422
0.470636619102
0.510488612065
0.552324375532
0.568147399409
0.57912352084
0.360466949364
0.299744652364
0.378319399772
0.387241593024
0.211484255625
0.409718920892
0.329029505225
0.442394431776
0.397796872023
0.577705964907
0.462954384657
0.433992076177
0.419177206067
0.350933139505
0.487271729983
0.39957658603
0.559552796033
0.318608847058
0.524548634149
0.475566994979
0.445379723548
0.520530641927
0.525455982546
0.413013446392
0.474411818616
0.624526634982
0.415010593057
0.462467458932
0.375376887826
0.503821955785
0.371188548493
0.434738964324
0.555588339927
0.306115327104
0.404939421268
0.31652134889
0.336829262193
0.523906157448
0.51103318182
0.446644427531
0.283894131505
0.421601220744
0.529237517368
0.472554169975
0.538533150706
0.509430298749
0.45956096538
0.350527176942
0.625978353193
0.474830983738
0.287282197128
0.551276530882
0.481509070508
0.311147037737
0.469788137858
0.411062856823
0.470944510987
0.448499624499
0.520656863119
0.25769527246
0.432699270567
0.485576478543
0.457188055102
0.439062974938
0.315812674532
0.452962682986
0.290081259074
0.421581800353
0.37280011269
0.564468593633
0.605341771655
0.410807143324
0.592212602642
0.449823111056
0.585988181923
0.324281238264
0.470128268149
0.622202974957
0.400822975178
0.355360647183
0.431443931101
0.498617627731
0.506504505875
0.499384569001
0.404114932683
0.399791459211
0.376850831862
0.536407433175
0.255260102533
0.493118907246
0.385041552032
0.22234067502
0.595100215113
0.381269445152
0.351840565033
0.311671988387
0.574272234752
0.62359459542
0.352153162912
0.285741295793
0.542747160592
0.393620503342
0.384133350811
0.431197447156
0.382821562778
0.475777694694
0.443768636414
0.454616073889
0.565759526511
0.512001211306
0.370705577191
0.473400772335
0.429440937271
0.535352335954
0.521763060141
0.518366237041
0.493625560364
0.439461580173
0.456904275174
0.482785390796
0.411068904333
0.33492145223
0.320739919576
0.375735564672
0.40424985142
0.375206910357
0.405105747304
0.564043381852
0.275859371706
0.483192650422
0.459863172342
0.310103806415
0.409149991939
0.509244712073
0.522636837818
0.60143591702
0.417239920246
0.597427151178
0.589656954295
0.502278906261
0.60066908105
0.365958809232
0.526265661934
0.443021861007
0.434929461972
0.433645583665
0.57018362648
0.692362283802
0.479948844209
0.673441686086
0.613535163089
0.541058386963
0.602923690474
0.449375001022
0.591344695104
0.504584916878
0.637047390692
0.514523690319
0.427306638588
0.279992625044
0.394886439739
0.371629501654
0.478429061673
0.394588578717
0.380751393926
0.305479577887
0.479453903015
0.517384618804
0.263957004665
0.361414250138
0.404316250827
0.460907572995
0.532782528566
0.472668851779
0.633555423498
0.739283806078
0.529702339182
0.485017508229
0.448177555825
0.433948399826
0.448756210953
0.570537126621
0.537997605518
0.576680494893
0.562066899593
0.469369328438
0.51196833738
0.484676341353
0.428851803432
0.499155185396
0.464365787587
0.53199879306
0.328210969279
0.511551506468
0.424695976445
0.511361898814
0.493980677757
0.625444193128
0.558976515215
0.446483674543
0.461373958656
0.501719170592
0.386320206624
0.496684414736
0.464551977849
0.453556086509
0.415763064287
0.246137588793
0.14698633539
0.39276092784
0.350598004708
0.513140280427
0.452407811801
0.276372260558
0.450902700808
0.579358277861
0.388919817783
0.252636239687
0.358042111867
0.397416444416
0.354230312192
0.483813427088
0.343916891802
0.500624818371
0.490642102449
0.380251629671
0.425384332712
0.476821063375
0.266478734604
0.374360742081
0.375984331873
0.373342515315
0.367429366866
0.398112381826
0.400249819399
0.339223403666
0.492922563789
0.644615191513
0.407816843766
0.520998117294
0.414495711979
0.311941873617
0.581722590218
0.511960575909
0.551412663608
0.596609773713
0.358429279043
0.595623684292
0.298298595807
0.527820586753
0.406151383271
0.669839713799
0.428100167708
0.384468686353
0.295386837784
0.275403193692
0.454973622559
0.429089415399
0.281963064234
0.299282675536
0.32566724568
0.594336204229
0.440665608468
0.418615960533
0.38328325264
0.447455484539
0.334901931455
0.486417845631
0.462774755083
0.464748531681
0.555834070269
0.348996168479
0.375411174015
0.453212299129
0.463913963686
0.4830979252
0.362744302828
0.505633107951
0.262475284292
0.50647906749
0.498781236618
0.294514742476
0.547184263343
0.384472752659
0.486145378734
0.414973468299
0.358214639386
0.364576648916
0.43042625559
0.566803512925
0.288782420676
0.663445969024
0.446465527136
0.607012059397
0.368105668062
0.398680487264
0.443286155859
0.412817881043
0.386527516502
0.433468648576
0.348244081321
0.289256989697
0.51237759837
0.629194482742
0.424423885067
0.566728471185
0.410553865583
0.397059720877
0.530684790111
0.446086856979
0.412116515753
0.472139683735
0.462954459701
0.386405348046
0.44850015059
0.330096549185
0.641984446645
0.443889237474
0.390722175583
0.318589674071
0.537626197528
0.45189333558
0.326966945177
0.446728438297
0.460836324147
0.412246710607
0.316102844947
0.478613867337
0.491888436318
0.270328270945
0.400719686916
0.430228901326
0.389532048883
0.526181766152
0.309531486028
0.422229614242
0.317212554049
0.462483786872
0.458749527394
0.48798270943
0.517877114721
0.46825974078
0.503143050826
0.488300128818
0.327421423072
0.40033994909
0.571052544834
0.494387714258
0.518908513096
0.446190675751
0.364635591874
0.516110972314
0.298887916055
0.498695478903
0.335109716202
0.351914807544
0.475768656646
0.464083599828
0.482419883097
0.581853009822
0.605112370858
0.425644005228
0.360443875435
0.471763293811
0.347516695552
0.599631195008
0.420345704799
0.291179196481
0.428222884357
0.570583019476
0.425732584705
0.474574985562
0.440972291982
0.488251172927
0.258180739971
0.42805207112
0.47386732307
0.336933899168
0.333071315595
0.406952889557
0.432224634338
0.328606472824
0.557974280108
0.365350226108
0.38334852875
0.543838779676
0.625033105352
0.48414181929
0.457806128072
0.471950239968
0.513175509312
0.463401449187
0.393528887583
0.321644621694
0.375116380346
0.414964982697
0.436289330477
0.203728637041
0.418331368631
0.540252878534
0.288484084522
0.429822253289
0.482928016009
0.424850493559
