0.101761560242
0.0986702103382
0.0275112729198
0.100372549819
0.117613012422
0.0852011442369
0.118229983961
0.103293726834
0.0632419378924
0.0299754463314
0.117130888289
0.0827590655313
0.120826309853
0.026626055923
0.0732528812529
0.0534261007992
0.0483519275176
0.0709319769365
0.0254303839757
0.035739766061
0.0829720153355
0.0246032572097
0.0275446812168
0.126673662108
0.22918271336
0.129907921165
0.201269235808
0.076701292369
0.0636184175185
0.0453638877564
0.0131821716605
0.0305389085233
0.00670363168202
0.0172782076714
0.0862373828384
0.0941054793448
0.0713077834815
0.0822746581843
0.0260809958835
0.0590009330444
0.0579675839284
0.0443098684787
0.0808789204215
0.0559832789426
0.201747847934
0.069578333489
0.0694017384377
0.135992560658
0.124970624273
0.105544441213
0.0263815271269
0.0794742881818
0.143875483976
0.0722328690263
0.0958078303962
0.112380607871
0.0525631902564
0.115731373856
0.144745642691
0.128423163044
0.0483008057781
0.0194934054712
0.0537809191244
0.148842451881
0.0864772475298
0.0438231612272
0.0567373141047
0.0289281378352
0.136658121938
0.0198635389113
0.0455202778184
0.0161494968846
0.091110359562
0.0412704785712
0.0671412864694
0.0570955213753
0.0299720469871
0.0548560559145
0.0418959695342
0.00296214224862
0.138559773499
0.0867047175448
0.162914217975
0.150647970284
0.114568295906
0.0301628860195
0.0360912765025
0.0294398023937
0.0332807558138
0.0518223062316
0.104786935694
0.0391684828342
0.0322373177396
0.101413365019
0.0146907771653
0.0452201126459
0.102563652569
0.14277417605
0.0934910486126
0.120232719123
0.15231934077
0.179932535302
0.0635423578143
0.0302299589492
0.055794623646
0.137687329941
0.0526312511487
0.14242933374
0.0649806361595
0.103149863358
0.0373352026453
0.102351015211
0.0461129281452
0.049497625459
0.0308888455547
0.0315005265155
0.0626513495029
0.0619582553078
0.0797341869209
0.114886753085
0.0957865403896
0.101270667204
0.0774252123073
0.058418567753
0.0868265558814
0.0965979868899
0.0687285878666
0.318954908441
0.0287120657618
0.102327196949
0.0149375934051
0.101832212752
0.037550147968
0.0711782780355
0.124555980813
0.0511292343491
0.0141038061844
0.146442181269
0.0602795625087
0.0751375858444
0.205236575298
0.0131194044643
0.0306744687917
0.0143227295537
0.154174181461
0.118738238844
0.070142844512
0.0803882308891
0.158306391583
0.0962355097943
0.0804401479209
0.0912415854311
0.0648116738251
0.0436288792509
0.126312979256
0.027382349885
0.0248926935397
0.0294233863841
0.0513747061998
0.0617488416018
0.14671698822
0.0387675605715
0.109528224639
0.106428679786
0.0796863902178
0.0938295312885
0.0669459496048
0.0727602071248
0.162686915625
0.244510902082
0.0584369754409
0.12361736545
0.0808449147837
0.0212553180862
0.0491297746398
0.0205542409164
0.161023824539
0.0608149993864
0.00431261427218
0.0664262698613
0.0380589370711
0.0743279856295
0.030052791262
0.0245178341239
0.262124365904
0.114626239539
0.110971008181
0.311414973188
0.0579479472255
0.101307374417
0.0731936347666
0.0495497504368
0.0757980658894
0.0845147528563
0.0184374526213
0.0642504672911
0.0273149897811
0.0302577003437
0.103682916595
0.0948621722342
0.113195421877
0.0513806795925
0.146711574728
0.0417048777815
0.108893079839
0.224181941575
0.145110338537
0.0664558989093
0.014984853508
0.0330520427237
0.0658476913598
0.111618818886
0.109411869082
0.0616982391412
0.0257568305882
0.0822766084787
0.0375258075874
0.0270124128186
0.0657487539789
0.130222925541
0.0268579251126
0.0816916539542
0.0600183864995
0.0282335554467
0.14745677094
0.057990977212
0.0383159953598
0.0880364103741
0.10941814427
0.124569266859
0.130574132282
0.0504678050667
0.0989517001266
0.046441892869
0.0314603350377
0.0237706459387
0.00993911271381
0.0312149749611
0.0803702323438
0.0598899161124
0.0501234473003
0.0484384199502
0.10871817484
0.0556474599299
0.0280023108281
0.0625233748138
0.0389891393702
0.0386992867047
0.0894071755463
0.0525014622138
0.184085923368
0.0421764646508
0.023233914509
0.059246302429
0.0642045997149
0.0916796952083
0.0745804123657
0.245722762845
0.113088016724
0.107726613688
0.0321249587
0.0795126429316
0.0180300846195
0.166805276077
0.0582902983413
0.0197974478998
0.0277819089615
0.104380317853
0.0648511381102
0.0849915600391
0.165263997834
0.0131165751825
0.0575945508011
0.179682257037
0.114348787528
0.130629207736
0.0769602292066
0.173924989252
0.117854485476
0.0839258814832
0.0794491240323
0.0930625174605
0.037675472439
0.10617728646
0.097614688207
0.0532394755767
0.0158785014035
0.0519414102526
0.0525421496034
0.0876369301734
0.022563346602
0.0595420791778
0.0230369383344
0.052102957941
0.0450529852122
0.0308143608995
0.0663031355471
0.0512587444519
0.0414114050585
0.0368906530222
0.067464617124
0.0928835040473
0.05522344077
0.138898057226
0.061785957814
0.146042512353
0.0245196161285
0.0544515459278
0.07610451659
0.0820779120626
0.0984844779229
0.0251473560095
0.0419415111449
0.0728181880503
0.276729296823
0.0167995202083
0.0360479723181
0.0522914104956
0.184805164727
0.113272286715
0.0121202061546
0.229017139916
0.0267177684236
0.0936232453684
0.0235377085534
0.123387005798
0.152998262536
0.146408736219
0.117733265115
0.0303218899961
0.200185837958
0.130082606387
0.0806746465518
0.11898513172
0.0759450169433
0.0863683242983
0.00985144915069
0.0149313853695
0.182239836601
0.0297670004931
0.0550420908686
0.0388135565318
0.0270361658447
0.278311756174
0.0275572288943
0.135548219713
0.00644223575093
0.131645176598
0.100808277031
0.0558693155078
0.085728274878
0.0751584506497
0.132638380309
0.0960664767325
0.137664750853
0.0715338059735
0.0424407139391
0.0789156988659
0.0341238443511
0.0273086054399
0.174906370409
0.0558272437322
0.135711448589
0.0807360531721
0.0435006508408
0.0735241205984
0.0404555395202
0.110887217774
0.0386336862258
0.0865644316499
0.104811427565
0.0852509149484
0.0440403187003
0.00994157992746
0.126280257594
0.0457365024679
0.0570464722402
0.0442552161207
0.0523418958944
0.136885665037
0.158464344435
0.0897378186026
0.0224552417457
0.106758604335
0.0415264455862
0.0110763824568
0.123588925466
0.0225798042902
0.0674623085719
0.10697232228
0.143201847039
0.0213429884232
0.128705794053
0.0178332059051
0.100266493402
0.0706866103923
0.0761553572092
0.0554178252356
0.0513152878306
0.023460029191
0.365628353004
0.0425037453305
0.0986023464037
0.0129384882816
0.0238673246519
0.0137052540531
0.0785853612404
0.16797656302
0.0313474378172
0.0523797843959
0.0851352492394
0.139452242509
0.0667568858367
0.090866094978
0.118157928772
0.0539313432372
0.0851212656796
0.0115284105659
0.0083205444309
0.149801126216
0.0871081261573
0.0283731006304
0.0417074402763
0.0241138445341
0.104480749442
0.17773362093
0.0259078366384
0.0576838373062
0.233835228643
0.0734655193514
0.0243211246249
0.0159730599065
0.103662735302
0.0181383456891
0.021541029702
0.0325433531948
0.0724045107914
0.0110784835835
0.0261557454813
0.0621045695918
0.0733706649284
0.204034326445
0.133860454441
0.101678878448
0.0513247431933
0.0547466402159
0.0677255234897
0.0915555063283
0.0670167291823
0.149997750668
0.31028229556
0.246573281009
0.098212712702
0.0528075896942
0.101747044415
0.238788217039
0.031959378727
0.0870905969371
0.124471739178
0.102336912968
0.0988148735173
0.049121792423
0.0207824691265
0.0651107875051
0.155188857428
0.0297957369
0.0787608280911
0.0333189107332
0.0986031914239
0.249659148331
0.0607475958251
0.0363942554066
0.171516912189
0.0901087853407
0.150959458085
0.0719070024576
0.118142292054
0.0463822964007
0.0369337557417
0.221473579263
0.0991117054166
0.0240778715862
0.0123066059987
0.0563548682848
0.0585110103851
0.0387427880865
0.0114997190355
0.0798863235736
0.051522665287
0.0890166293169
0.0585030030927
0.0181521082092
0.0144221855712
0.0591172577289
0.0133111357235
0.0663695918821
0.208069726771
0.0963446243702
0.106914262019
0.0274209000127
0.044138593304
0.169497849552
0.0603623846063
0.0525906592873
0.0906692480307
0.0908680836474
0.0407281864219
0.0745677777841
0.193803878614
0.0918844010602
0.031133071633
0.105056545541
0.0308555514819
0.0328676548333
0.00929419318599
0.0367461543433
0.0319685362879
0.093728155153
0.089395954805
0.0193197224184
0.0471180020907
0.0620177004045
0.0987851032955
0.0742384825481
0.0310737937698
0.0388339539182
0.0314850781802
0.0732326688287
0.0444998724098
0.0431004590417
0.0204352992721
0.0772712938274
0.182462127286
0.0547362314021
0.183150797521
0.0341616528629
0.129290892922
0.149245976719
0.0943427977996
0.126508927108
0.0932965316484
0.0198235247256
0.0268944940792
0.0741444561193
0.168613837084
0.150408786998
0.166868359859
0.153799455716
0.15942136967
0.170581703554
0.0432765249772
0.0608979620752
0.0967775806949
0.0695899361024
0.0301044250818
0.0502590233859
0.133360503838
0.0535719421945
0.249186052956
0.0266043011644
0.0504851315986
0.168369026607
0.051049250895
0.121020823068
0.0962515250304
0.0468671681808
0.0910024673916
0.107910425053
0.084497378316
0.11764022019
0.0186885072369
0.0340083120341
0.0982709622913
0.0451679838353
0.0406895147207
0.0818937819038
0.124722139272
0.0418375114102
0.0239237384026
0.0133714301636
0.159216483128
0.0723674475123
0.0388364673728
0.108491065862
0.0430931486364
0.158484848714
0.103213155864
0.210322416962
0.101380067504
0.0203436064433
0.0360781531242
0.0696735320792
0.13441790509
0.0916962226451
0.0242923955487
0.224670110102
0.0158791620075
0.0103115599443
0.0402581863901
0.0281390826576
0.0929258169057
0.0219641303801
0.0234069176539
0.179605912554
0.0931334584031
0.0833735751197
0.0090266632151
0.0488141463565
0.0677715397318
0.054696759069
0.0212834151977
0.164808712097
0.102346205888
0.0441332106735
0.134287402835
0.0302644775325
0.0639021763959
0.0777356933365
0.0520490250824
0.053304429667
0.168097935913
0.0406341712162
0.0850445882925
0.0421082313131
0.0421172180302
0.0685708491305
0.0389612513646
0.0635153565854
0.0851036047677
0.105280782974
0.0582500743151
0.0426297610266
0.037769881665
0.0691120530655
0.0836598261957
0.0607937095117
0.0394787425229
0.207920408338
0.0961753350509
0.0731695920703
0.136994383856
0.0753604538453
0.0658201693487
0.0427684836235
0.02222701649
0.190380483029
0.110574400965
0.114680703013
0.0249460445333
0.118953045932
0.0751335404952
0.189686951167
0.141277403941
0.0595072210427
0.164094258405
0.0529339709458
0.0910266711499
0.0249499771518
0.143078954626
0.0564831565834
0.161276445939
0.210082979178
0.133957689743
0.0822425871558
0.0311859992217
0.0548470286369
0.101552823055
0.0414530077323
0.100730944149
0.0768333095359
0.0626506043058
0.0500106530744
0.0679017173245
0.0797468033125
0.0624939534877
0.052766090673
0.104795719078
0.0232929296016
0.069368974751
0.134150372714
0.0379836644909
0.0475069003136
0.120281195028
0.0376344411149
0.0985126134366
0.0784860796412
0.0844610322376
0.0116772175093
0.0853004760243
0.0796414413772
0.125710558407
0.127546092936
0.0474037221774
0.122626833806
0.0129666717649
0.23796937909
0.146031686953
0.0252841083181
0.0453411863646
0.0861777764259
0.107690653744
0.0881062673019
0.181883875921
0.0439749817188
0.13588529802
0.0407366664188
0.0697602500953
0.214760107019
0.0525291134693
0.0921328909017
0.0460539848388
0.0528724874032
0.0351488279253
0.174998138741
0.0465456942583
0.0549303513288
0.0574602901996
0.0828773013839
0.147069604757
0.304333314851
0.159315338946
0.0401640311553
0.00684983351171
0.0091713758724
0.0291830882928
0.0243571710188
0.0391172251693
0.0879951786146
0.0662422805921
0.258213725421
0.0197865222906
0.100950130078
0.137989133898
0.351958052302
0.148483169382
0.143590183408
0.066619704136
0.0526507253946
0.00503499882627
0.0564865622832
0.011419131427
0.125347380312
0.0723901694439
0.0580763217015
0.138646360048
0.0834625669806
0.00853990912584
0.0832671702888
0.0866804862503
0.0389082693386
0.00277366328497
0.0159006748454
0.0904013558756
0.0486165859384
0.147373773501
0.0456266244404
0.0478192968028
0.0817748615989
0.129047872685
0.15817791735
0.0536003253681
0.0863748467313
0.0832626910075
0.0431588981177
0.0798992591184
0.132084831899
0.155165879969
0.0508862411375
0.104715630405
0.0982157251649
0.10454374259
0.0641419432358
0.281334833789
0.0753610031565
0.0681737893943
0.215736180584
0.0417979150978
0.0219771852859
0.159040831348
0.0246638718632
0.084686379234
0.0464729993857
0.0557517493998
0.0554215131087
0.0609703363162
0.258546462662
0.157251203087
0.0449361767041
0.126870690283
0.149040701474
0.029170560995
0.051928405313
0.0146133548622
0.145532876104
0.0453178088476
0.0767441260746
0.246292004793
0.105193653505
0.149312798396
0.129310106498
0.0580206968898
0.140713821061
0.0975762954112
0.14062765954
0.0267319563864
0.132428839452
0.0314537783952
0.0472259353045
0.0497246308069
0.150268349172
0.0421866659329
0.0710761355113
0.10771005983
0.172870261812
0.0484192599152
0.0713569240092
0.0720979832155
0.103386287554
0.0152978203713
0.0200954195295
0.0812585094704
0.273282068623
0.0381667027293
0.0750826784832
0.154645911586
0.0729821285248
0.210939732902
0.0470476415328
0.0367437197215
0.181335821447
0.0565091119987
0.027830691379
0.0327929346275
0.119368745432
0.0976093960003
0.0557004073878
0.0739739941388
0.00896675888717
0.0867061033028
0.0445353921844
0.100552431237
0.0514413182639
0.0146213872177
0.102477444519
0.0790431200869
0.0705975036817
0.0606677194923
0.0312216075742
0.0480844613334
0.074047492797
0.0163749694416
0.0859790929612
0.023269730734
0.201691192233
0.107514759022
0.0869089037466
0.112189719668
0.0323892671687
0.0162194748093
0.0262520167911
0.0743763547517
0.0153809394608
0.0640893708849
0.128240390196
0.127313537896
0.125379652187
0.13304874569
0.0793593254582
0.0541623861624
0.0339050511889
0.0296735181971
0.0767698426646
0.0252638608142
0.0845728810735
0.0940271309449
0.0837975894435
0.0155971792116
0.0657732967255
0.186398883324
0.0619186690953
0.10800298725
0.0147351133218
0.106306231143
0.0834353532461
0.027861540769
0.0574227606388
0.0863894814451
0.0239982602585
0.0108903101207
0.0568068483032
0.00809849228112
0.0571094649671
0.0339461823785
0.0467668439612
0.196405174252
0.146537072302
0.0644489255352
0.042429273004
0.00925435474804
0.0280674865587
0.0915407092978
0.00743875821678
0.118447396101
0.0604897605408
0.161470642617
0.0332289549354
0.0320101152942
0.0637255904423
0.0464656866847
0.0540945195557
0.0361336475113
0.0375616449353
0.0409423122939
0.121617014747
0.0194019675942
0.0405952595259
0.0620673147926
0.0350508170534
0.0652508202413
0.0958503498095
0.0607704256008
0.00408512835766
0.048164632404
0.107200731661
0.0668923438945
0.0169115726789
0.0581694354856
0.0277956034297
0.107345814517
0.0801278835053
0.0490017882394
0.143217073586
0.0743673284633
0.0529124093471
0.183364452498
0.165186773737
0.173615502912
0.0436580954066
0.0233372470082
0.0478004017978
0.0512522127111
0.0710927628812
0.214289381897
0.153534191269
0.0873847376519
0.148537130038
0.0256365580686
0.0488017205329
0.121648210856
0.17618740217
0.0938039498003
0.10212978319
0.180479305772
0.328973232709
0.0386800346104
0.0477405585878
0.159023890741
0.0253769462426
0.28964886593
0.0615913257216
0.102535549528
0.0489748916681
0.0705342246927
0.11396409733
0.035653269377
0.042542173179
0.0548150300542
0.0868715193004
0.138889636684
0.0775845536242
0.0608675717955
0.0356743656357
0.0239235503363
0.124726075464
0.0704361626001
0.0565989108422
0.104721458103
0.0564348589935
0.126676501312
0.109890557466
0.0310150764735
0.0691284463938
0.104506501347
0.218504561025
0.112216673897
0.042010889037
0.0681593911244
0.0989332594746
0.165478108803
0.0537485328863
0.036970077133
0.0438306302506
0.0585887501292
0.0821043482488
0.103515014347
0.0652154452871
0.107775460148
0.0778605686833
0.11045044024
0.0160023281068
0.0581123960979
0.0808780856982
0.0362656203515
0.0999265805678
0.0951357586201
0.120590218802
0.0285463237611
0.0278964177725
0.089740460962
0.167388764023
0.0492087088974
0.138947014296
0.117689879135
0.105492254565
0.0380641026567
0.0939176406695
0.055997311759
0.122423071241
0.0778792324873
0.0876255212232
0.00918686248109
0.0302612875712
0.0354984157624
0.0507466668504
0.276334518944
0.0711731360023
0.0369219159159
0.100252696088
0.0180569681666
0.0912145731524
0.0525691836911
0.171215394612
0.0945299797686
0.033406039546
0.116609148449
0.0297063829416
0.0209450582915
0.0462792687232
0.0797345946289
0.129825537757
0.155358699676
0.0801717472715
0.0819620562578
0.0670895980649
0.103879918859
0.131492283632
0.0201513569654
0.0753637758904
0.114192186809
0.312305963762
0.0388270046853
0.0613540043192
0.0526401610723
0.0908385102492
0.136580729917
0.0467167360752
0.0328224922806
0.0761512902518
0.335447649477
0.0422276558597
0.0110872815982
0.14234361033
0.106155048678
0.075342228346
0.0632649619792
0.0557614789876
0.0776117476092
0.04423248508
0.0365422515291
0.0657054171487
0.118938031588
0.111879302826
0.102559792327
0.107978210368
0.0905018372054
0.0811908366249
0.0694613536105
0.103765949035
0.148196554009
0.124632089952
0.0437922455408
0.0763527069103
0.13296358012
0.089676734117
0.0797479976942
0.0768119806079
0.0709553734398
0.109935394709
0.0747528356911
0.0283984375365
0.00608385173474
0.0357787770997
0.0216537578904
0.0627442469868
0.141753819864
0.0182750158652
0.0261792009651
0.0695218150972
0.0922168007412
0.08869522258
0.0848334504803
0.0973916991244
0.111538106927
0.227346143737
0.111186459158
0.0408001435076
0.0315132387893
0.243116274875
0.0648375147136
0.0865187421191
0.0164990716901
0.0450869936029
0.065778419608
0.0693092036466
0.0412998724191
0.0494781046308
0.0317766405436
0.08138837696
0.0147665047293
0.0640362205575
0.031822155382
0.0443835126289
0.131089722422
0.0550241446395
0.148121175222
0.0644446370606
0.0302652786369
0.0122737866523
0.0661648383084
0.0180090554511
0.0768822276213
0.157375180327
0.13310656259
0.0560395175814
0.0278747411822
0.0621527241206
0.0209223182333
0.15193714918
0.0850379674574
0.0363183661956
0.0961023233569
0.0587967332989
0.0304867097326
0.0345378115096
0.0722575720433
0.032347351728
0.106230430319
0.0558521982831
0.121568837666
0.0936433304821
0.124852075196
0.0779473613597
0.0232214444087
0.0660146846311
0.093270239219
0.160097772594
0.0405175884924
0.106147940523
0.0717311726333
0.282371353341
0.102037904368
0.0599313034528
0.124108976422
0.106890434951
0.0365853918239
0.0457091500542
0.110639659715
0.0547720714199
0.0433941749844
0.0328323830589
0.0997226758736
0.0359200061003
0.0967380788218
0.267660168086
0.134215218412
0.0268125179369
0.0848109176517
0.0396099165615
0.0997679135596
0.0330761049791
0.0258946894879
0.0742626030261
0.120657511955
0.0194825764029
0.032911560581
0.111909336856
0.0510052169751
0.144156868389
0.144554969475
0.0700501802516
0.028762201732
0.0971460331034
0.0571917540034
0.0237109632259
0.105495864664
0.113936548301
0.0527703044096
0.0102891940918
0.192130969921
0.0366532268968
0.038917775992
0.0308712988059
0.212628691711
0.0876159263589
0.0355059538264
0.00492386817592
0.299544362455
0.0980684551907
0.184933162322
0.0804057740019
0.215054630946
0.140744095177
0.0766649642449
0.0226832364163
0.0689525800246
0.178507859464
0.294565090682
0.0865049965179
0.0356638379246
0.183131350532
0.108732478085
0.0600078135724
0.0890015458288
0.0346753370458
0.0419916327411
0.0577919526724
0.0466819074135
0.0655393642116
0.118034534097
0.118269113442
0.0198965421338
0.0941882868948
0.0211531052318
0.0807449949732
0.0421549918249
0.0280777405268
0.116498796622
0.0891276996929
0.185960598916
0.0375642343414
0.150059629407
0.126851131943
0.0752532095015
0.108074658368
0.0684197484251
0.0290584195475
0.276744230579
0.17512278905
0.0207305200134
0.0673517991319
0.0160663934589
0.0615115015177
0.141730953976
0.0409692806184
0.036961501765
0.0801828871139
0.110815720181
0.0289859622551
0.193117760513
0.0525007001089
0.0737099851224
0.122541620065
0.0667678429002
0.0651514472801
0.0470086809128
0.0368819143724
0.0278326714273
0.0672370634176
0.0560257361139
0.106081730224
0.0787516013088
0.188271784624
0.131050471163
0.107810357049
0.0805712585176
0.0537026325097
0.0867564944669
0.0337008679042
0.154663938895
0.211276820908
0.0476942694723
0.0851220830351
0.0509892223677
0.162862028639
0.0794740553896
0.0681292551599
0.224448563836
0.0216241925089
0.0342728837973
0.174965014623
0.0958738220908
0.09081641098
0.0225610653489
0.0951941336326
0.0513399577714
0.0237875659869
0.0865136783632
0.0249381273878
0.0732918166345
0.00930635204803
0.0956125934557
0.050746933879
0.0711641131053
0.0797448911245
0.0541154550516
0.243333369989
0.060699497564
0.0363868737671
0.00671586003987
0.100460272994
0.0530600384839
0.0195939826023
0.03791692
0.0677504416034
0.0687246569951
0.224241325804
0.222243135142
0.0635051735288
0.132655347481
0.0605277126594
0.133011178908
0.00875928403058
0.0772268794778
0.0314368197506
0.0645404213303
0.0307309243674
0.0855349751153
0.117507853299
0.0829609393438
0.0656919160478
0.0977409706811
0.0872341717492
0.073618267946
0.0719252591326
0.00265317467274
0.0390053965956
0.0710652334945
0.0267720174755
0.168728897089
0.165255337017
0.0689898450634
0.0221386755679
0.134256849895
0.0728608337954
0.0131549371993
0.0354988172922
0.226280192213
0.0517397251158
0.0711820262619
0.0448955071126
0.0286793302459
0.0602415850706
0.0519010187337
0.109229506048
0.212293876617
0.106708502193
0.0181812509928
0.0872504490289
0.187881969127
0.0390009353165
0.0591416110044
0.0455147631574
0.08824764794
0.121729657701
0.0674874003815
0.0679359910098
0.196893920589
0.0908401020739
0.0259990108348
0.0442844350343
0.032178778891
0.138190998435
0.0703296401252
0.19882086403
0.052086413751
0.042012216611
0.10603758984
0.0976836726347
0.033611034804
0.0648662410155
0.0614830965424
0.0445839893706
0.0645876571742
0.219623728615
0.141126065234
0.0945995382331
0.0232181084223
0.144083948431
0.0564055166328
0.0557047559531
0.0433294124735
0.0537638274132
0.0977981229348
0.0541201754253
0.0914393388324
0.0505478609534
0.0624481180632
0.0619911093775
0.111392500722
0.0798854845897
0.0328319532657
0.0556873554799
0.0670837949386
0.229372823529
0.127656865609
0.14040256177
0.0638978216144
0.0636176500357
0.0497980058287
0.0124896552909
0.166748896175
0.12950080316
0.196348334526
0.124880288465
0.165170127201
0.0506452625994
0.0887168517398
0.146722265725
0.0466926060443
0.0754282737029
0.0401020087942
0.237515024047
0.0813619035691
0.030151575763
0.117598092866
0.132150430793
0.17387462242
0.0363199006072
0.0707846571947
0.139403061158
0.0726504719605
0.0800650726146
0.071675819306
0.00985805050847
0.172134018963
0.299733854565
0.0509706881808
0.128192250716
0.0470265600929
0.053036818196
0.125353589408
0.00993161180449
0.0686364075818
0.0476319925518
0.0676859016598
0.0205945215681
0.109915532225
0.0519618182896
0.0986791913886
0.145080705113
0.187948787177
0.0381578269055
0.0577645282203
0.0703465959447
0.146637814774
0.0448299734649
0.0125013846054
0.176817137803
0.176307292443
0.0457105639814
0.113256218738
0.0560583859682
0.0168052310707
0.0170025585351
0.0723150707221
0.0206653158218
0.148978302627
0.10684878744
0.125260759406
0.0857946541185
0.0498537038956
0.0285708129641
0.0122950869993
0.108341030592
0.0655538924398
0.0838424493641
0.0856879026815
0.0408292694766
0.0390658751075
0.130585700094
0.0466085267338
0.11086754458
0.107739138657
0.0194455304076
0.0857483458812
0.0988866770844
0.258179417332
0.0235106978225
0.0336001212852
0.0700038257367
0.0759318301276
0.123380792694
0.0590340647884
0.044765208891
0.0178306840165
0.133737359049
0.287323111851
0.121959031402
0.0619540430564
0.18720385151
0.0264705048523
0.10470469851
0.0841607495583
0.129151181543
0.0456513388323
0.058010026151
0.0813611352948
0.110298943812
0.0307929992627
0.0323968259678
0.126271794523
0.0600927566398
0.196774286471
0.0890440880047
0.0900037508459
0.0285272894429
0.13942089281
0.120729404876
0.0585320541893
0.0509991380592
0.0918079819307
0.0358692062458
0.207611550599
0.14530627114
0.0169863516429
0.144334733374
0.0457656004654
0.11346570117
0.0422121674153
0.0288566645405
0.0832693327147
0.0295288213719
0.106489856147
0.0952007339444
0.251954466629
0.166828484647
0.0534545403691
0.0638634948148
0.102861251836
0.165235696228
0.0799029971792
0.0661688007983
0.146385506866
0.0621686671654
0.117768803649
0.119836005859
0.0305783473864
0.0240814381088
0.0504314353632
0.026277585462
0.0336854404947
0.101125203471
0.0260639700711
0.0926331022142
0.0528094765981
0.0407033954043
0.182706886496
0.041757018135
0.0922443499874
0.0946611611706
0.0512330375942
0.129021642558
0.0149259750515
0.0616489180487
0.122999859243
0.0260990175227
0.0356754432777
0.0289979082553
0.0101069263047
0.0696511226467
0.0443335416432
0.112314345322
0.100400665665
0.102501568236
0.256639876246
0.0685061129162
0.241230495228
0.0487647050604
0.0248511254015
0.0142618666312
0.123667403476
0.0901158587607
0.105108682788
0.044225448798
0.0544859080485
0.196540261327
0.0473154768296
0.0575028897149
0.0844315258339
0.0309971629882
0.128457897273
0.0200492201957
0.0762959367775
0.0363605443417
0.182340600845
0.231987206284
0.113031062784
0.0764246175214
0.238445000313
0.0205132357652
0.0313717879277
0.0391376983516
0.030974490543
0.0285523468547
0.273593486004
0.0881199703947
0.0206114650224
0.0890096518753
0.0236312788669
0.0215967178113
0.00369736148001
0.000113915612852
0.0258060348696
0.0371430139178
0.0165245553714
0.0907467197233
0.144540958589
0.0902414867354
0.148832017189
0.0580928377013
0.127133749854
0.131097155353
0.159530233497
0.0141584764332
0.0956614403571
0.130474080815
0.0896663863949
0.148218754885
0.0512759721835
0.11824184521
0.0971224332494
0.174053414068
0.0670521895282
0.0461180524878
0.031349050184
0.107141751898
0.0217819447076
0.0414848128478
0.0804306384958
0.120456119987
0.103204536031
0.0277119228225
0.0174021942666
0.160313174899
0.11080424695
0.19658857651
0.151126602915
0.0459516904943
0.0752693634588
0.100179869668
0.0730349999748
0.0154319228574
0.15580016502
0.0390810984619
0.136258296185
0.0459583528687
0.173485225253
0.120293409864
0.0132831869909
0.193011701698
0.0735785074252
0.047678554076
0.057791351106
0.0636953530911
0.111104007541
0.0365083397982
0.0479015962689
0.044173708061
0.0552757580758
0.0120197947173
0.0101268017764
0.0565115228054
0.0639694099908
0.0741132213525
0.115949923687
0.0479274957404
0.0415252457234
0.0804790675151
0.0445650124934
0.0350300354856
0.126649147627
0.0595339381506
0.0846610209576
0.200110734314
0.232440531089
0.16663949902
0.228536280942
0.0923808915023
0.0735414355453
0.0593235381588
0.0857681675599
0.251854187052
0.0243164839587
0.0220867196032
0.250068612242
0.0655993089818
0.233012167807
0.0435958332806
0.0715859110606
0.0365543892718
0.0600015787893
0.0497242463516
0.311605495635
0.121073296592
0.162592024246
0.176509661509
0.0117604063378
0.111764931494
0.0691762431966
0.0101240549897
0.0205712770427
0.0992390858125
0.0504103525737
0.0244982116567
0.090528174252
0.0842559982916
0.0536637599093
0.0383453855328
0.0928626923182
0.0299059332194
0.0315547511192
0.0414183605502
0.1362389814
0.105562479876
0.0609648666305
0.0173345141789
0.0529923079234
0.0453733273751
0.0736204701894
0.0609772481956
0.0724475738515
0.0338301599036
0.161987286602
0.0232463197637
0.0279238231279
0.166895892261
0.0234862859915
0.193210764053
0.0271192834092
0.140915328903
0.0661337654104
0.133746941716
0.134959713811
0.123243878706
0.054118913453
0.133270680497
0.0969698829399
0.101573457299
0.0128130808593
0.0505443133393
0.0236336035205
0.00241207402984
0.105163012336
0.168557015989
0.0729734119068
0.0425689498671
0.142040281733
0.0885849072625
0.064028016184
0.035201538896
0.0195897537556
0.074146637724
0.104341833234
0.128029091418
0.0302395410301
0.117520664931
0.0297303812609
0.113990515265
0.0966018427875
0.0250546341782
0.108403719902
0.0554173643888
0.198121049241
0.146923694151
0.261423622734
0.0617786874484
0.168711852095
0.040318844599
0.0408531024434
0.196688395409
0.102699433916
0.0232044653912
0.0563281974644
0.0516923675597
0.0554289609738
0.0521698889658
0.16870787327
0.107064344355
0.0413246076915
0.340095389945
0.0488269940023
0.0208706466601
0.0569326250809
0.065580590083
0.0539467669877
0.081266410075
0.0252759012895
0.0504625523091
0.123604580032
0.0358121876343
0.0186595877041
0.144390336616
0.0744603824647
0.0821624116644
0.0702152235913
0.116257948431
0.129918312238
0.146355934219
0.10133831071
0.0454132630495
0.123122779312
0.0448117710867
0.093550842984
0.124051465895
0.0280969392985
0.0500260634187
0.0849837413164
0.0992578672283
0.0656607088674
0.173662593381
0.0805383555635
0.0539225064171
0.101397844182
0.174868743593
0.0287395635016
0.0512391850656
0.0158087769043
0.168920740253
0.109665231646
0.0917087471235
0.0622120085661
0.087640534085
0.0398322897399
0.0770613415706
0.142695761757
0.0656600076613
0.0790583672629
0.113529664273
0.136092114281
0.188044167294
0.147201142684
0.0969810139552
0.0577651395235
0.0882023684747
0.199114593051
0.0371191964323
0.127180162449
0.0507523318132
0.110017932055
0.0588731041962
0.0163217436405
0.0433175686546
0.0758511239332
0.0220054126199
0.168334639778
0.0320410808693
0.16101634705
0.224188307579
0.0562327414985
0.0318305907738
0.0640936764841
0.079253758982
0.110275168085
0.107404165127
0.0516476150003
0.209233313952
0.109686069756
0.0943454234734
0.0473466940295
0.0928944285175
0.02790852192
0.0340540496002
0.0503176282699
0.018060956231
0.0578827746602
0.0411840385982
0.0160869640539
0.254919919356
0.0414726220601
0.0481851950906
0.0362383985953
0.0720575793641
0.037891993797
0.0576765114079
0.0330958368307
0.027815288195
0.152556411084
0.0842356607014
0.0635334724789
0.076262249879
0.0582670096325
0.147880038853
0.0233381146758
0.0439053974065
0.0347231580809
0.0382575984241
0.0710531895657
0.0388097022573
0.099788647486
0.0978277892275
0.0584014335177
0.0306916474385
0.0471155588602
0.0322032507387
0.141061363394
0.057505737349
0.0383978959218
0.019032814201
0.251425327549
0.156219928658
0.0929249142002
0.0600519427346
0.107262206487
0.151623005387
0.0403027721335
0.0628917579963
0.237651913274
0.0247265757132
0.0338788362876
0.143781603532
0.0559821099742
0.136520103302
0.0381207304189
0.0544892288771
0.0527919120776
0.0420335049707
0.0687447061589
0.0496737388507
0.0932925738489
0.019672887052
0.0246490001046
0.0294202573784
0.138793105067
0.0239388977428
0.0868074752572
0.03756589483
0.052223853617
0.123874479228
0.0395251874317
0.117018509255
0.101775308212
0.0732032129215
0.0811560461736
0.186664286529
0.0503720136702
0.055543608703
0.117704284454
0.241929964273
0.124577524003
0.164351474168
0.105845354007
0.0654056474334
0.061435647254
0.0424458762098
0.0536351424226
0.138244891159
0.0784566905045
0.059154700647
0.0680908556434
0.0593874811835
0.0609488353962
0.0825047750662
0.072657629596
0.17840201816
0.012335198973
0.105091565102
0.0977561307959
0.0326878797722
0.0543470234737
0.101782516246
0.124536466457
0.0153199466241
0.0104763892474
0.0865592036893
0.0620345312829
0.0214269083381
0.059262402907
0.0242945648403
0.0657076446426
0.0339645714657
0.210604069678
0.0471395873798
0.079287150123
0.16221376811
0.117409098696
0.094775690939
0.045971240856
0.0733606931831
0.0339015347382
0.0904467245818
0.0848696764158
0.192539092986
0.0744573551837
0.106727458935
0.0327897490147
0.0798128489155
0.0593605346214
0.0569894662077
0.0153144962258
0.123759749176
0.0353804046799
0.0736952388339
0.144026092984
0.0799008816481
0.0487211611577
0.0624758384644
0.0854524988878
0.0956116256325
0.072858939973
0.0478161512618
0.0534862840888
0.0475590880599
0.0625227671849
0.0309243662881
0.146589071011
0.034731083835
0.0958996557633
0.0415375845804
0.153640997097
0.0211439861041
0.163545460112
0.051729561759
0.0147126285959
0.0507624384962
0.175613229693
0.135291993326
0.0376269921628
0.0767490108798
0.0328253580586
0.01227732745
0.0178017346014
0.104382636614
0.0847308984859
0.0893696901608
0.0439905881756
0.128896688107
0.0690893664971
0.0311244243028
0.0233894190347
0.0126201035025
0.0354583150228
0.0923467600682
0.138216739774
0.152878857142
0.093276489604
0.0258921118584
0.111853098608
0.0254758414125
0.056382976354
0.108494790624
0.0760885009513
0.131572793462
0.132216441403
0.0244938194158
0.144529296533
0.0188783384575
0.0646215248353
0.0547745849461
0.0905537533902
0.12554206636
0.0331014379183
0.0825388397811
0.018222360462
0.0178387627146
0.0233884129054
0.159193118274
0.0483248588632
0.256225398756
0.165924021755
0.0289215523834
0.0201774074913
0.12046303006
0.0726994497294
0.00760072820759
0.029484010547
0.088167182165
0.13301761869
0.0634730768197
0.0808426777628
0.0885087087913
0.0367694477134
0.0233431315609
0.0195287681842
0.187810170992
0.0403809120111
0.0947496145006
0.151852265716
0.233548614392
0.135092482526
0.0318898124624
0.103528757935
0.0197406828168
0.0438157691584
0.0847892428539
0.117469106446
0.0664509930844
0.0685277678376
0.0161331625192
0.0505595801102
0.110797032829
0.050342468781
0.0920685592506
0.0324255518722
0.0430046695702
0.0923806875936
0.0529190132891
0.180140269219
0.0647492361256
0.0974276895682
0.0235603730723
0.121174096235
0.038463098199
0.0214213531668
0.0349649916426
0.133983605917
0.10443897343
0.0652565473298
0.0768454578784
0.0345452526576
0.0578591661141
0.0325084805858
0.107002990932
0.0793750030868
0.0534132720677
0.0693159955078
0.0884277587403
0.0327607494949
0.15818845461
0.0996217118103
0.0215999935266
0.0579033064447
0.0878968219539
0.14642801627
0.0343098088851
0.0516703234028
0.0224227266175
0.0222290138478
0.133309599068
0.0105979465099
0.148866924943
0.164944581733
0.0686011748378
0.100167728954
0.0518639520938
0.104967313664
0.101450570723
0.0423403514913
0.0655584162088
0.0308639118401
0.0756504789543
0.0324584342074
0.0694357669038
0.0501691807601
0.010763938545
0.104740944737
0.0345082869623
0.0229957301461
0.0298808689261
0.119534052696
0.152229541776
0.101291348037
0.0859685544686
0.0336102365155
0.130455555303
0.0810702204311
0.0261370212621
0.063418886542
0.0321906901167
0.0733790733304
0.0338541865454
0.258902572659
0.11171181538
0.0402947124406
0.0532855978179
0.145141537831
0.0891021740478
0.092296762503
0.0724616840561
0.0557709678515
0.0631515567914
0.0580070161757
0.0384628717766
0.0659839108825
0.0901654034275
0.328985666464
0.00425615336368
0.0897960283589
0.170026306795
0.128973432777
0.0738823805715
0.068829903191
0.147000713664
0.0142039275247
0.0233621062048
0.0121320353542
0.0214372890367
0.0268442562493
0.0658098383777
0.115520543735
0.0548989337605
0.0838415624186
0.0767779730064
0.132114521929
0.0492775937884
0.0315733945212
0.100003265799
0.155335073455
0.056720469818
0.0835725648221
0.141694479797
0.032293929868
0.0465515613286
0.14873298921
0.0302097432781
0.0241418925021
0.0859779886815
0.0786947056463
0.092172746004
0.0461020401373
0.0835953673686
0.149371678503
0.0640691163925
0.030739444093
0.0368507809207
0.0624214858291
0.0791701415922
0.0632352868652
0.0295477122389
0.0167853579294
0.105863471955
0.101968373395
0.0910232717727
0.0250642472938
0.134211478754
0.0742606531227
0.0189199058893
0.171253359477
0.0397424585316
0.145841412141
0.127015880668
0.0845698197064
0.0404803036072
0.0716960357962
0.0771486687147
0.10844990861
0.026558803152
0.0394707613614
0.164810532139
0.157580876579
0.0382231481335
0.106493682332
0.0622633108506
0.127552516788
0.0789926494479
0.137736051354
0.149427727235
0.0168113361508
0.0311132959163
0.0331493533586
0.0657338758488
0.0196710265701
0.0258488770461
0.0540279054975
0.0806709290389
0.215608567781
0.0498249948661
0.0590742105964
0.098067391571
0.0726033476487
0.120377808266
0.015938547422
0.0605668694695
0.0330077465863
0.0120878238447
0.0718211186896
0.0662897998897
0.168364799971
0.07812960077
0.174267579901
0.303820219962
0.126188609927
0.153138039665
0.15261558754
0.177544007594
0.0993516272064
0.0125962222474
0.141281681731
0.0460114586075
0.164371342373
0.0462702822624
0.0980883896755
0.112263882381
0.0813405196696
0.0972200382552
0.136774781876
0.0907285145011
0.0751369587837
0.0838141233375
0.0189248288928
0.0512643411332
0.0328021648958
0.0619808635976
0.117127004283
0.0618872301797
0.0749530192392
0.0364182926982
0.0927423166901
0.0834537288115
0.021603431166
0.0157745317384
0.0221056018206
0.0364324716395
0.0367474207923
0.0512308463993
0.0756044591605
0.102579378519
0.10551539251
0.0554043009606
0.0405342466186
0.0430218890057
0.0322365178907
0.0646498049306
0.0750521228923
0.0198734910719
0.0587968310332
0.0224647709941
0.0309944030833
0.0441151128047
0.174671027364
0.1236803282
0.064366691199
0.0226429841202
0.0198120548752
0.138487955419
0.0278315792334
0.0586181390203
0.0251614496307
0.0586377062757
0.0366334167813
0.0575925230834
0.0785503984056
0.0177146676681
0.0750330763211
0.188627139051
0.146474271994
0.100772751548
0.0405175123624
0.0385646017793
0.0646918086098
0.0513966676774
0.0372450041854
0.0619568426949
0.0537480134638
0.120075309417
0.102913502841
0.0213614730747
0.101880948115
0.0691547102684
0.0643085512962
0.136541867698
0.0785036954411
0.0618104211181
0.0658208698866
0.0898127441282
0.0753819521889
0.161041620768
0.044929928363
0.0725836224892
0.0895889133048
0.0699266162612
0.0418594443999
0.00564959665912
0.0501253125466
0.0423423606972
0.0306375610779
0.0311929753767
0.0435150309659
0.0986466433449
0.0205600026579
0.12265742471
0.120116329245
0.0663126080548
0.0860938484001
0.115983582888
0.0888881511575
0.0172530208641
0.170936477916
0.117516354485
0.0122874542038
0.0340717499577
0.171152621796
0.123729503905
0.132034935789
0.107612802904
0.091178491514
0.0314328424621
0.0548925787462
0.167792966207
0.00936503920193
0.10036317001
0.029561460289
0.0406602521712
0.0543100350301
0.0753795824292
0.0544711782577
0.0132482299741
0.00561085778425
0.121437597633
0.0767315100266
0.0356636997725
0.0668664437228
0.0647365252567
0.0529739237433
0.063058152043
0.0876366544097
0.0945615985646
0.0793246828287
0.0862539069045
0.0731600377175
0.0865195907532
0.127999141188
0.044235504909
0.0517735563462
0.0745409241887
0.0354473541559
0.0229751316885
0.0195041433661
0.219629318881
0.0836599316191
0.0598010917563
0.107459861858
0.0452971782506
0.0631153736847
0.0722636789262
0.0841486173109
0.0446523345427
0.157292245442
0.0717640040099
0.0113590170786
0.0577271471029
0.116487229042
0.0515023654201
0.0789239653333
0.0973077092479
0.0786190154904
0.133809672963
0.0324307799879
0.0544681475108
0.0132957302351
0.0895538290938
0.049199923193
0.0802948223923
0.116428807825
0.0499229632135
0.247086587517
0.0567893699468
0.169469130736
0.166335150771
0.159802104981
0.0614725248556
0.0288097359525
0.11560594479
0.00800787957094
0.0633219549617
0.0588322934529
0.106596200632
0.0386576412705
0.0686100167349
0.172791507434
0.0819008355775
0.053809254698
0.0442578947588
0.0965908023483
0.0791691521054
0.0442797523674
0.0727886228566
0.15892390708
0.0632117104906
0.132575104073
0.0895034952479
0.0910199730608
0.0569953658462
0.110511416571
0.109905110634
0.0381316061257
0.111477518647
0.0071344275088
0.0788784870265
0.078839788765
0.0610846734125
0.108170657568
0.107155489837
0.117837927002
0.0305648937777
0.0771796443601
0.019436083141
0.279052035133
0.156676999163
0.0393319389536
0.0255312906322
0.0153679255908
0.0632830317731
0.0831561475861
0.0265244145307
0.0204361852833
0.0659168616633
0.0544777654961
0.0341757650726
0.0816928066766
0.0843754200082
0.0760554994127
0.0507633272516
0.0510958604237
0.0826585469973
0.0309046218622
0.0342537828881
0.146452205918
0.043345103229
0.0439491748732
0.109201030431
0.150576156711
0.113893375335
0.0541468299778
0.0892515505482
0.0264393284394
0.0939652986112
0.0819380390378
0.0473818212814
0.0398977517105
0.204969412529
0.130577094707
0.177762889339
0.0419728984614
0.0564310303057
0.0539460849959
0.116296304088
0.0833290652705
0.0146552673419
0.0822859013129
0.0425901915441
0.0563990256447
0.0607329357863
0.0608232455069
0.0196311238987
0.0367833863862
0.146132700193
0.0829126258657
0.0140318825207
0.0923205050167
0.0900953398804
0.0638223842061
0.0210912667616
0.0504239748507
0.0548360762139
0.0660404719786
0.0159811282786
0.0483089979161
0.0729999288113
0.0380635827867
0.0201406417741
0.0286113988132
0.0622645769679
0.0266742445197
0.0496364187446
0.158143015732
0.0897683351127
0.0558877290104
0.0646329626999
0.120024794535
0.222559477745
0.0734162868373
0.166152484002
0.14568444118
0.0728651091396
0.112684469684
0.0189632948997
0.107202133484
0.0746653159079
0.0590278973038
0.118677130325
0.0831192512858
0.113285713522
0.186271101957
0.0830939703618
0.0277589240504
0.069915023593
0.0491092239615
0.112815512065
0.0213824266863
0.158242624051
0.0784738941394
0.0416657321313
0.125564792288
0.135501501734
0.00748254239126
0.173976269349
0.0884634120117
0.0230121986333
0.0788164675894
0.0679780663686
0.0219283109708
0.0730561272508
0.247840117529
0.0544689217681
0.0473483364558
0.0238577050877
0.0303307258076
0.00759515848518
0.147211291972
0.0872399332215
0.0522420232322
0.0393515376564
0.0739120861926
0.12242925557
0.082489019187
0.145305237955
0.0770962625037
0.0919947485511
0.0828989255752
0.0384725866596
0.120393666116
0.0156625762855
0.0757321336334
0.216734078685
0.037402423469
0.0492680829233
0.00973475678218
0.0634863296017
0.107456852648
0.0494212785259
0.0355252598276
0.057888740931
0.0962625909419
0.0523415594447
0.199131712974
0.0253172258392
0.0714082061725
0.106911630373
0.222314792898
0.0932796067958
0.0614020145261
0.0371971754027
0.0539497123623
0.0558356023562
0.14925647455
0.0512978850609
0.0634741056858
0.18601168979
0.0532431073194
0.0402538320151
0.0965338309557
0.0503193005796
0.0719039623734
0.115227338866
0.0443514801834
0.0790701647361
0.120978811584
0.0291516355984
0.0805986493178
0.0760131252521
0.0543220936218
0.0632159425963
0.028939383728
0.00927685576991
0.0507849346535
0.172128832852
0.0223761149306
0.0540825673504
0.0655384591687
0.164585352057
0.039416405605
0.155444476057
0.0379647444828
0.034000949302
0.0771720034519
0.0951581741906
0.0786321296013
0.0132052799829
0.0611762302257
0.131461956414
0.179310488563
0.0186943696265
0.038704751407
0.0278838771695
0.0358718293644
0.0543178954033
0.093552176354
0.0738419592142
0.100187797103
0.0640395615704
0.0205722251441
0.116701525152
0.0553091785858
0.072276320101
0.173890435558
0.152759188828
0.0571623645973
0.020640014899
0.0134007124169
0.0613739235584
0.0391073210987
0.0519588085665
0.0741996118437
0.0297493687403
0.0595287446944
0.0434510216376
0.0732607878198
0.135845647509
0.10974600621
0.0369573781964
0.0603649367558
0.139308441436
0.112986692105
0.0397393360496
0.188197517106
0.0442743919759
0.116089283118
0.0626437872724
0.0857841321117
0.0444526334138
0.0884103607999
0.0518962950934
0.0201219069728
0.136767049187
0.218297379404
0.0473109704042
0.0874586666567
0.112692007769
0.0393486414261
0.233746696449
0.0803214347307
0.105555367588
0.0202933945111
0.152875399029
0.0224160561329
0.061987356086
0.02571442336
0.159139814627
0.164757963685
0.194469003593
0.103650453794
0.0281916716809
0.0301189921279
0.110974635458
0.0214100971537
0.177853051648
0.101883703218
0.072040709363
0.0910892635346
0.0847760320274
0.363910300643
0.101033530752
0.166406062854
0.0577503178713
0.0521230879257
0.0521160216633
0.0231223527792
0.0239428862288
0.0108669483648
0.0551796012637
0.0620555216861
0.0398283529895
0.0314979892772
0.123459008148
0.0718816368735
0.0564842313218
0.0474095400211
0.0133076306472
0.0385762743853
0.228974988956
0.148775849693
0.0575667857652
0.148847134039
0.112635173125
0.0250509729756
0.164737461713
0.1048250571
0.0389518778507
0.159404616938
0.219494898973
0.0932605791814
0.0387640720728
0.109029076273
0.0717540923401
0.0955120863997
0.048417495739
0.0531561121819
0.0488871699929
0.0718768859657
0.164974563631
0.0212270127224
0.129865532734
0.0998061791709
0.0384919325152
0.339676394808
0.113719902093
0.0713146099037
0.141741569013
0.0363817185619
0.08711878941
0.100316763793
0.0814166481466
0.025714577848
0.174589580802
0.0560502986067
0.0525812757732
0.0295686791139
0.0447880460222
0.157892646606
0.0408315146035
0.0748581376777
0.107126842167
0.0749863491888
0.0801036292968
0.0360449336736
0.0282966276104
0.0433750097232
0.131428394601
0.0960594554954
0.14712907823
0.0665627879655
0.105034796137
0.079902924673
0.025571894962
0.0310031618124
0.0613254476808
0.040437810965
0.0728159612017
0.0252663981498
0.0850533270536
0.0432031410332
0.0187165152228
0.177366153467
0.0446340144972
0.0314559634972
0.103799829245
0.0235585955374
0.0629240512941
0.220463364208
0.10569909882
0.167991109427
0.0447399002514
0.119328674366
0.0653781581466
0.033170122501
0.0599724276477
0.0528850423779
0.209572887433
0.0483227459291
0.0216323042186
0.0587013500913
0.0195882631845
0.143742670801
0.0819555348829
0.0817542417476
0.102896066704
0.0347689035728
0.0748086665116
0.0652655009447
0.0870506328458
0.0420235552891
0.0479314724454
0.105568243302
0.0945613810417
0.00577379841727
0.166012475326
0.0314115871856
0.054417839059
0.0480976446144
0.0445774613874
0.135724562872
0.0345322370177
0.0874105354956
0.0459551561703
0.0435364992841
0.15147695975
0.0463654246904
0.113711057743
0.0161149338672
0.100201692889
0.0979684971066
0.0366980533021
0.0527560297434
0.00662698974075
0.0745866880996
0.0997491622098
0.16014445042
0.263213437453
0.0139026445651
0.215971653555
0.0465385178303
0.0519747851723
0.0517962713961
0.069729584964
0.10977280281
0.00735391765055
0.008804554031
0.0521194907634
0.256179867779
0.0558017995224
0.0158739004144
0.120093737654
0.0539306357305
0.0313656237008
0.0168264054039
0.032342063522
0.0130000632558
0.0672566338907
0.0401392434739
0.0376078776328
0.0711087281078
0.0541600104714
0.169178091797
0.12276195978
0.123515637413
0.0140332691398
0.139523336977
0.00974192867999
0.145607527264
0.0407555401104
0.0605160257265
0.003622612661
0.0502369663716
0.0102365532283
0.106485915013
0.073819060771
0.064494185629
0.0654419646978
0.00564997832733
0.18287677833
0.11948496892
0.0325998420576
0.0705134672554
0.0222703926782
0.0474033862913
0.0155246459437
0.062322127318
0.0218844647202
0.0419768905797
0.0914279011322
0.0474905433819
0.0440672434735
0.0663213227127
0.0977907481355
0.0597000390095
0.0444962206047
0.161228092296
0.044489173939
0.0339234663339
0.18624204135
0.036129317376
0.115265329492
0.218874979998
0.0486951510442
0.0520096907831
0.16334476343
0.0791598612039
0.0984202699966
0.315592055384
0.0939600481892
0.0996743072241
0.188040063393
0.0223293308945
0.10185868677
0.0338182999053
0.0185247795401
0.177996725629
0.162420100684
0.102836054643
0.048388428869
0.109975558418
0.0848541853288
0.0608919147305
0.0126300017664
0.0348333781176
0.0797864446689
0.0621219758623
0.197921344458
0.0978953456522
0.0771576267419
0.0470170664434
0.0564908701756
0.324480684769
0.0640480708678
0.0256665594433
0.0389778719055
0.146901120059
0.066028360462
0.258363951676
0.0175393516043
0.0436961298215
0.155315341248
0.11868594952
0.0774627560923
0.0431952114418
0.156923337612
0.156674909784
0.0377567391539
0.0676167274003
0.179081248909
