0.616797880479
0.327414939892
0.291874255619
0.313075520547
0.366191571567
0.446431979999
0.517477245059
0.304819233836
0.294208407941
0.442155526505
0.463426873622
0.422857168276
0.422631805857
0.261349615506
0.302836376532
0.268236496856
0.377895705464
0.288559669632
0.358107353066
0.377434549388
0.587972917498
0.392420916579
0.230565845357
0.415230592827
0.599010291841
0.287660399852
0.344839084407
0.17000345262
0.25949220361
0.399878028878
0.383099576719
0.484708596649
0.541259956281
0.423311726671
0.372269918973
0.519611873281
0.412627875024
0.318705969052
0.244075122282
0.356275801837
0.396551240023
0.539325897546
0.439901566772
0.468138630317
0.466975636049
0.496015951666
0.459944053773
0.264010215878
0.388644291573
0.396060864226
0.292003864778
0.387270035863
0.372762783978
0.413403976862
0.509350996022
0.496299822436
0.511398407809
0.585173049347
0.549034800878
0.46830185361
0.410199746243
0.502160671072
0.53315682253
0.463765524523
0.291293647617
0.413418596101
0.388540415182
0.45169143443
0.458047083556
0.5264855255
0.41642516096
0.453724215798
0.355429174157
0.585679932185
0.492610633785
0.281881949349
0.376641566857
0.421194474239
0.407055171992
0.400535148415
0.662407818359
0.250139853069
0.480270104927
0.432932168417
0.556807776001
0.430945586538
0.315499672594
0.490611647682
0.478360057264
0.460033634613
0.344017017163
0.319384292468
0.40292697246
0.391405452021
0.448866179678
0.541588879872
0.371016533823
0.426313836789
0.480154562878
0.343311286405
0.291387560389
0.217479173635
0.431800465484
0.4361278219
0.24789603601
0.514133552869
0.389217045109
0.408193758362
0.411503828974
0.45040709497
0.301306183784
0.455816827162
0.182980032736
0.198312381146
0.281239340215
0.283305030659
0.498171683174
0.235765374588
0.224549311709
0.255867694441
0.59860911623
0.483771423034
0.49382278696
0.296519727136
0.274050570315
0.535396741126
0.249980388991
0.557307184935
0.375107878645
0.459621171156
0.408945502315
0.236733325204
0.292364510139
0.408204907306
0.640759297757
0.299618254985
0.295217422892
0.407256334115
0.485704230687
0.446116157381
0.538568408765
0.317114601902
0.186685314183
0.300152940534
0.240990637645
0.482508158981
0.403869442935
0.246632987315
0.275354451224
0.258717471468
0.404230374193
0.371357870447
0.187659667386
0.352467555726
0.425821256874
0.28853697387
0.430633749029
0.293917946974
0.341809196658
0.314367799101
0.423562341444
0.400867624018
0.417073715271
0.335112919641
0.439641618277
0.469947495561
0.44490581553
0.342325360531
0.344132109519
0.458243381218
0.282742188487
0.305566484246
0.423860010714
0.223684944119
0.28708328207
0.269084181615
0.523081211576
0.441786627262
0.114133646451
0.324414303536
0.306191368651
0.372637540122
0.413769571356
0.436961279041
0.35572832873
0.351714136168
0.553982052445
0.533775201815
0.524259839377
0.515572573036
0.343508395973
0.397126079223
0.32775602985
0.449991377729
0.397770830921
0.476505353456
0.352939881054
0.356649687184
0.313408756805
0.277121138604
0.418218575397
0.433364444582
0.353033710108
0.567567257867
0.593594858269
0.598361700204
0.509519265145
0.347700240925
0.509864427816
0.539530119197
0.333863878228
0.380230620884
0.33034658507
0.405592476049
0.388006983232
0.629139617017
0.387552502917
0.351165615316
0.380974096962
0.463094128971
0.319896340817
0.408940995859
0.404472254585
0.359525387039
0.450647355807
0.451815583389
0.33485197127
0.533260332604
0.359083894173
0.547662480038
0.311805955631
0.259633557123
0.450797029164
0.606728076736
0.396245307535
0.260554654889
0.284885638947
0.392431031845
0.369681152391
0.391385915114
0.457898153117
0.352131998087
0.54015086489
0.455769177347
0.351035427702
0.298277454702
0.368186966137
0.476808347539
0.453553588418
0.284147711105
0.562619622175
0.278441237718
0.4033149797
0.264285787026
0.421765946716
0.381348752967
0.53254506888
0.396449746424
0.388440909764
0.450770540457
0.488521577945
0.386068920831
0.371624323459
0.512204719315
0.302550908381
0.203275891881
0.450897250551
0.522545639068
0.369201429903
0.441845992689
0.644396888385
0.365029629957
0.316735066272
0.361776548923
0.341643907458
0.473353594557
0.412929263948
0.411876935363
0.372731548816
0.559152025507
0.21155632826
0.639216973767
0.376345182267
0.355016044988
0.218706400061
0.257407949537
0.218285041493
0.67782481205
0.272989383392
0.489041467304
0.280421595559
0.328719020393
0.472683319787
0.473053439579
0.383981861676
0.292497284549
0.424607349127
0.391827847369
0.378252630713
0.264475644919
0.315429905268
0.408758300706
0.334283279245
0.456590069475
0.469163621224
0.242853464556
0.374039721967
0.468145630876
0.475018296802
0.497755594704
0.58886565348
0.270653371293
0.607925350999
0.474950941007
0.432577850285
0.555442321189
0.397854038044
0.522595593921
0.497894718746
0.302697883256
0.402523445326
0.5439129628
0.202730088183
0.386956646037
0.284815897616
0.299817053506
0.331695206743
0.458531306006
0.229749249983
0.482590168439
0.547103287263
0.506300326166
0.467653576243
0.47946801086
0.341200671858
0.241556012893
0.342341714401
0.421319299063
0.432882492587
0.417674559681
0.468293931783
0.342659887714
0.357761705668
0.527581675707
0.27516798224
0.234218444862
0.551888013759
0.481459609042
0.207552481664
0.228440676228
0.167948459593
0.296995516889
0.414315505588
0.300490480009
0.29793746446
0.246672794591
0.435769069615
0.353205257457
0.47711018275
0.448016018652
0.474407915496
0.509780358463
0.436061046067
0.44149664799
0.219448997599
0.413661398867
0.419654377304
0.333853799538
0.334194543762
0.347497634428
0.354254858718
0.300953941174
0.365280592039
0.249046547531
0.136117833018
0.370989967858
0.351221225043
0.230636895232
0.350492840429
0.347852715911
0.412924970068
0.466406830698
0.374754750189
0.44145708846
0.393093971755
0.353450386396
0.339112795709
0.339485325103
0.446333948128
0.388940484349
0.430746641628
0.230532378885
0.57754780308
0.200419546041
0.425506049531
0.355237065646
0.363359419979
0.200066048856
0.215171252341
0.249889114737
0.538239697348
0.46031042412
0.38472455921
0.623215137455
0.394078997168
0.261622543571
0.236614973948
0.41792349629
0.301541932939
0.429079130239
0.459742664241
0.382644142418
0.357263360675
0.269084522446
0.521571555485
0.431283435517
0.276799182154
0.286753036961
0.407113212644
0.354029056384
0.31766748349
0.346830245132
0.389690130645
0.149431040139
0.216459585784
0.453987258627
0.312471757328
0.19562018516
0.338511126558
0.204543250335
0.184374272683
0.378412610918
0.425185102229
0.381843972162
0.375527868571
0.348422056473
0.560903166319
0.307169351302
0.491983448979
0.559676608525
0.273986130294
0.590610736032
0.449191450479
0.348887580212
0.204457594982
0.489780490103
0.364547256721
0.369283939469
0.365314674313
0.309120399973
0.503060755841
0.493241455618
0.386772604658
0.379568102791
0.402016518627
0.369929467687
0.490947735356
0.347543194231
0.528603426228
0.412577389169
0.499534797918
0.226872136354
0.407264967407
0.267549054831
0.332691226547
0.566159658383
0.497271925954
0.49035701919
0.398631313299
0.521996343466
0.318813867056
0.438306766885
0.599637619731
0.4799475541
0.294687430604
0.255390875783
0.471612382881
0.614450732468
0.419035277125
0.309052799518
0.446938158205
0.437798945525
0.243091489152
0.219840065297
0.485359003064
0.275645209514
0.387701326141
0.440860952685
0.360823812225
0.439711975609
0.286740904983
0.472009807682
0.430074220925
0.460877321389
0.384966567653
0.331591052093
0.580411692458
0.272938493679
0.402422588572
0.342258915024
0.26861767589
0.545659252708
0.307209188953
0.495814769942
0.318858689911
0.383656276494
0.449283945125
0.406740383886
0.304142385577
0.328847408348
0.522021877561
0.438086865657
0.321735904488
0.225735904734
0.308661004555
0.511471317977
0.379852947645
0.367587278089
0.341696826281
0.444532164397
0.345083491736
0.31215114814
0.422266829461
0.399931718643
0.451368021557
0.320999480026
0.441841031955
0.417784414395
0.392973386978
0.504018772353
0.407249723628
0.472805570032
0.734254636049
0.314434969805
0.376533009346
0.514178070654
0.248992066782
0.514775137209
0.333941604096
0.380773654546
0.410154589386
0.466102310803
0.354488265083
0.419098473692
0.576848713565
0.449954457847
0.453920739596
0.617370277586
0.329814009314
0.604483114265
0.298065217266
0.40046063626
0.324353327479
0.361875820147
0.411524796317
0.462665211042
0.441585968752
0.34213567258
0.396211575158
0.241772182598
0.427680283926
0.329301489558
0.451951793876
0.355014988802
0.364646403215
0.242876258516
0.502447772716
0.479951725536
0.392570165091
0.366753792948
0.530320678886
0.348594457273
0.243081937271
0.320128977739
0.432770518753
0.309406456566
0.459035294002
0.364953551957
0.309363014287
0.432735750682
0.517395321263
0.392276383836
0.267889122795
0.603370815453
0.270546429866
0.185397574481
0.400277906371
0.280902364604
0.551029878769
0.252677411462
0.430605908987
0.465136073461
0.712691100139
0.303231535084
0.358371632086
0.38701019816
0.369705855685
0.361767649644
0.487911486593
0.244999262271
0.229595440083
0.428104450908
0.421338168074
0.41897823842
0.498334841113
0.361146401413
0.35180578969
0.368708822944
0.199259691761
0.338705101677
0.473114568304
0.314657131744
0.309329335094
0.361264941674
0.317737373002
0.32758490901
0.425388481606
0.378282733028
0.464972952695
0.217304010861
0.400298636169
0.388534896401
0.325509728113
0.409899247466
0.368409517633
0.342547714458
0.213123932138
0.248885045454
0.536721385279
0.555834292044
0.618150028911
0.355505407279
0.530746648228
0.391767950013
0.399099957965
0.28247689417
0.278837530151
0.565354680168
0.495897681512
0.300232140293
0.245567463533
0.383075001856
0.277802002026
0.168196982693
0.486858807226
0.513806689212
0.555385788786
0.282743227306
0.494029145644
0.400970487812
0.343601120944
0.289771199108
0.444479221196
0.272805431388
0.250306479232
0.267796106253
0.382609522365
0.576272372007
0.323027260343
0.286578837886
0.458513451971
0.395764551391
0.426655616112
0.459730352118
0.405509718705
0.224076058328
0.38741114713
0.335615176545
0.512655433408
0.311109082963
0.374717591615
0.229378610058
0.317729549529
0.605359478109
0.285851621839
0.391771266705
0.698442737405
0.326090183644
0.30453736268
0.490498375267
0.392976449218
0.337877489955
0.36076941316
0.464721130379
0.312014069623
0.515475268696
0.418253231452
0.424029940624
0.566113529951
0.452556708418
0.559846089017
0.409562364515
0.335780414286
0.367269842567
0.222917130252
0.24482206961
0.330436016791
0.356337528455
0.33773686179
0.416314032857
0.464411620605
0.334069847371
0.252978278531
0.323110223224
0.447765999544
0.60838286685
0.445849089743
0.35272725281
0.488299267711
0.439275422637
0.350945405903
0.445891927645
0.27966723413
0.420263584065
0.307491319293
0.559199508278
0.688829442208
0.438432797072
0.389149555578
0.539983009161
0.476711519274
0.215034785219
0.224234194721
0.476289785109
0.416163535888
0.345372833167
0.366562724418
0.323886435568
0.544016008736
0.430297279682
0.414513196386
0.297928410443
0.472825450198
0.348107950225
0.492144451387
0.174718327431
0.295304509248
0.366058228886
0.351289635619
0.551236772013
0.529947381021
0.427413360827
0.295220369674
0.387181166507
0.444691350144
0.419345539094
0.387904674205
0.305416021424
0.519720341673
0.412081076861
0.313997064634
0.252605859324
0.401690580742
0.291936206651
0.237750044182
0.359417937892
0.443961037211
0.561892195967
0.428035869418
0.516918117426
0.484934754607
0.20015310675
0.514615026195
0.412520370823
0.514093605132
0.446556485464
0.52628078087
0.4731285496
0.291088856646
0.36927742005
0.347770534484
0.500636846679
0.354808346349
0.480335133756
0.551839318293
0.542996247115
0.344004057906
0.331984210684
0.466594053524
0.40472130204
0.407082874112
0.400529271458
0.471667785136
0.467581326506
0.405715814272
0.627033386294
0.660592362306
0.201623524642
0.269804517972
0.407652250046
0.483730617845
0.572098808002
0.162709198482
0.54656400124
0.329041213151
0.281889448193
0.506716191184
0.140253130638
0.484593143022
0.631729201544
0.378603729194
0.451926932232
0.35133210919
0.563596817631
0.403164447173
0.425961907535
0.470698909714
0.244115824311
0.244921909168
0.445783923647
0.168173857585
0.275303706477
0.452628042163
0.474246624939
0.288795637833
0.439947149095
0.377566853649
0.294265024612
0.494907620695
0.333145932095
0.35015771221
0.41783677267
0.376282385671
0.416223449558
0.456153101861
0.350602319151
0.597226738318
0.528593252713
0.243771380866
0.326569448207
0.495073910711
0.42157766972
0.362177871559
0.375586820468
0.30461028915
0.370195383066
0.401756316687
0.379865642383
0.474274464162
0.557101728495
0.474734706433
0.463176605688
0.479070668195
0.41331318069
0.524210270375
0.386731652987
0.395810651534
0.629810208214
0.269155087654
0.42058736838
0.453218554939
0.424632601209
0.337572231223
0.497719579153
0.398804828034
0.56092981642
0.282208726954
0.486583515277
0.232402607405
0.295594448138
0.302253264388
0.15607938178
0.448596383284
0.40377284053
0.340733333205
0.324561936593
0.320387970367
0.26764230696
0.328631120194
0.496620098203
0.393468877227
0.419368578939
0.531360520352
0.542048470472
0.35436172273
0.379463235304
0.593922542707
0.265658170727
0.238789264228
0.49600240391
0.52402696332
0.550489006587
0.188520658127
0.351302487219
0.438209307741
0.270521630481
0.327605939474
0.523004011338
0.341112766509
0.396798634331
0.395914307791
0.463635516556
0.239371084643
0.328709233124
0.431522603596
0.484447359005
0.366948397225
0.373840263142
0.560909655159
0.288996860518
0.35229216499
0.385478904475
0.422021223523
0.456599044339
0.252151456462
0.354921905788
0.29809371697
0.347870228596
0.47624156902
0.36140237342
0.373291496034
0.394116957711
0.314018526748
0.281854472859
0.321619748798
0.578632093097
0.32474570404
0.35626708593
0.352220620865
0.312056257132
0.33858169374
0.273120964463
0.203413236123
0.420915852637
0.46013795021
0.293551108324
0.490606652811
0.123635783734
0.534025572054
0.206975255566
0.414110016262
0.263751907676
0.342160439891
0.438774493894
0.301463547542
0.408550247291
0.434465388892
0.392212707342
0.232847242658
0.388486818556
0.516941497392
0.403691690748
0.490816995628
0.359324951645
0.46513796481
0.251541528269
0.323745195801
0.380632020726
0.156092638682
0.23005196379
0.188026165261
0.320853828108
0.290426575378
0.673533742301
0.415233745435
0.485585135368
0.450660796497
0.481129439971
0.602959206577
0.530178735766
0.5427505162
0.435965968642
0.537839513252
0.586413757774
0.52391069776
0.525973412264
0.396960195787
0.407353009955
0.409185600456
0.505278505041
0.451434091728
0.351742583483
0.372798498406
0.653931761462
0.377081612669
0.270894633272
0.429450883142
0.185902819154
0.409971457409
0.488730940367
0.248157888783
0.312425411324
0.481003171122
0.254794843112
0.541192956437
0.307823755106
0.401616119584
0.412569681867
0.412973134382
0.15823693116
0.227251147373
0.256383967763
0.302865274214
0.299076668503
0.381654397389
0.479065949139
0.447351997742
0.607173003665
0.476489811838
0.36618677237
0.312816399621
0.547151867332
0.330981839587
0.465676304207
0.605864827919
0.441936517011
0.376915241937
0.254134161876
0.365772668933
0.507957943231
0.373484239681
0.422255738231
0.480267301778
0.603210142599
0.459430649513
0.382080713341
0.338020106111
0.354481060763
0.563344820191
0.705040224744
0.391207723189
0.226910494897
0.4041065041
0.293200307947
0.470909810284
0.577528056256
0.345053353888
0.295305489091
0.357108673132
0.217013039356
0.494398895119
0.430720605268
0.276221455227
0.433421278102
0.40702605081
0.23716189265
0.365831109523
0.299077477147
0.384822200219
0.356220994113
0.374712226366
0.448328376225
0.414925609773
0.335702234229
0.615045039806
0.555409498388
0.349553039167
0.378928398029
0.615449385515
0.582094289838
0.368764285266
0.332633990509
0.375830566731
0.356821814994
0.236297406318
0.468714736048
0.390980109671
0.453630143899
0.475181518809
0.176369521414
0.415909884831
0.278867538686
0.270484315311
0.394666711188
0.333137760009
0.470943311971
0.240992495551
0.409015780789
0.550095984614
0.255821792329
0.369431251385
0.398440880541
0.362621345224
0.353692300382
0.483705312296
0.39399977355
0.512966976837
0.500789963811
0.279142012236
0.334839124245
0.536817598514
0.425891568353
0.336096480146
0.188619588448
0.507609032874
0.538107536942
0.491487366257
0.504173033051
0.460765625201
0.565950031174
0.241567249879
0.49950903174
0.431346744066
0.267789324816
0.33054573166
0.21516205848
0.208014827778
0.408773776813
0.489247509032
0.621196406795
0.267506252681
0.521819535052
0.359575972549
0.512225917876
0.540017185968
0.325289287068
0.299938397209
0.417395430295
0.60254053085
0.352109804597
0.311220354695
0.354893766358
0.533482689403
0.44176344392
0.393219918009
0.222867292183
0.330515394937
0.224349187731
0.406957310049
0.23907109111
0.168821970242
0.356324556687
0.434909857481
0.545657445753
0.365414131333
0.595287391191
0.37880605817
0.431087401822
0.24317324519
0.522321063044
0.460871683462
0.506393687366
0.684555183532
0.302299911826
0.420447600814
0.491034016345
0.336288416157
0.638089820492
0.507261500282
0.483651877169
0.52248631528
0.289170153445
0.513356952358
0.48843804087
0.614763516926
0.259337927452
0.467844925388
0.564342575536
0.239558888862
0.225276026584
0.38812820409
0.0906604897576
0.363870350513
0.404283688673
0.213395428727
0.291476970625
0.288339274642
0.31426804341
0.426850178657
0.499329315104
0.548667845008
0.595586471543
0.348390820386
0.391793684334
0.359246480454
0.364469468243
0.523615345718
0.418037446154
0.488447664182
0.172303610895
0.294286124771
0.358121827753
0.567180961988
0.356312596213
0.504042118287
0.457422121358
0.445318149516
0.516068547737
0.150034301453
0.364369754913
0.441614243227
0.444881545554
0.503635123022
0.472578467801
0.38842787546
0.325827174417
0.417281858497
0.320089440505
0.450923821317
0.351466296561
0.366553737835
0.347429351451
0.462724374013
0.3480823336
0.381466218348
0.368170765755
0.345775300957
0.350478736706
0.435061644925
0.303972011433
0.356981055877
0.319256930244
0.441743659711
0.463191807951
0.462843753093
0.425157959589
0.520065363192
0.443729381601
0.417510649746
0.429573363102
0.492027302721
0.177618433096
0.413934716561
0.379781747758
0.687274080683
0.423730630472
0.615906954826
0.44246124086
0.290935087528
0.266130319065
0.488201088636
0.48369961563
0.437932638393
0.409659858473
0.22183391646
0.40582643425
0.388300583581
0.288913910673
0.572238920854
0.418176706916
0.500538106947
0.476815329585
0.307276097928
0.221381593428
0.494815168807
0.408594877983
0.399684900868
0.228906201132
0.408563669369
0.419578034161
0.367819961071
0.511238520334
0.496243388965
0.273025059921
0.338299879642
0.351903767705
0.532150732781
0.544677025547
0.371195434986
0.363028666147
0.383532682654
0.389358413155
0.307649203157
0.383939866868
0.392791237322
0.312327154519
0.147235496211
0.454055455442
0.550629967179
0.304882930652
0.533750073426
0.376663103233
0.218805582139
0.401402561665
0.309324366449
0.318754390053
0.487568433153
0.365751830272
0.425717110159
0.437904346161
0.337237537359
0.299647359881
0.220675147762
0.347427471306
0.452553832654
0.287636990538
0.409925760113
0.410962758085
0.26951359569
0.371506208577
0.343151160099
0.324931536409
0.462621394305
0.327340943474
0.241710513026
0.374535445642
0.423447250116
0.231579284644
0.387531934362
0.449745607655
0.5560868263
0.323547286367
0.47037199548
0.221168730229
0.429423633372
0.345644877903
0.481046445121
0.331786556273
0.449154239468
0.456321388476
0.439308832778
0.406001664661
0.2623928567
0.419801334847
0.489672280613
0.381772087455
0.58930728995
0.592158487521
0.404741618304
0.441694656303
0.392125493994
0.285664984937
0.317951831897
0.192469827035
0.340468283326
0.329034055611
0.524877177683
0.618719146189
0.600507817367
0.31137094268
0.486972023666
0.434070166477
0.27630140387
0.300839987972
0.210026790776
0.260752272394
0.382439186536
0.630551516822
0.372902353893
0.602794666373
0.459249071005
0.332032835902
0.515231994168
0.583887090889
0.310894955226
0.36435392119
0.476459846312
0.450377925158
0.229807316713
0.171322126433
0.42143324253
0.402806764466
0.552176631975
0.496122096344
0.380357282062
0.435900113886
0.38890010526
0.213223113697
0.21613417274
0.37266058174
0.454351802919
0.504501342879
0.368603838023
0.395956616138
0.443590303294
0.568563397936
0.385854287058
0.288860859055
0.543965878682
0.174362372772
0.353188224197
0.481301824594
0.27970590121
0.366488891979
0.544755802324
0.275847329663
0.524273599405
0.595303036113
0.365515429909
0.336907555569
0.462209297442
0.231836529071
0.286105013806
0.55634739066
0.323452319051
0.468732431238
0.348123702829
0.358276428276
0.432544587
0.497707268474
0.290130442951
0.283378502641
0.462497000184
0.340573344479
0.625533383021
0.56269345033
0.320551200011
0.203950524091
0.310205547239
0.475947721213
0.273699663497
0.469305738458
0.537445627505
0.35535110438
0.50180462089
0.416607453271
0.36503856265
0.352201829215
0.555921621741
0.358344318109
0.256496487634
0.321959820309
0.32747699811
0.354659549076
0.460327095252
0.35589909071
0.294518158882
0.352763647369
0.175307533919
0.336425912409
0.386844112825
0.37440405442
0.468563625932
0.475637069281
0.468988749731
0.250451334025
0.333209683172
0.508670857278
0.301531725583
0.414216056296
0.54470504833
0.51427450173
0.319386776796
0.385053438563
0.546824477263
0.544434809979
0.395467516887
0.35241056322
0.351193242901
0.410843531451
0.220214572087
0.403587924477
0.370599586677
0.224971440474
0.511873663654
0.573924438249
0.365844133296
0.369481088369
0.38313149545
0.303440030002
0.347033095065
0.28398485898
0.270957070265
0.412855044755
0.487079280122
0.535163616008
0.343641463656
0.27011997176
0.273246643097
0.267871829743
0.23423672441
0.245947923194
0.34393880409
0.286343443523
0.555689680454
0.419471795312
0.253532948846
0.211784717048
0.551777903147
0.298471017261
0.392594600689
0.276162610685
0.370056238893
0.527147583463
0.399343233707
0.259112276734
0.291204018003
0.544087856863
0.380423239154
0.455558288777
0.235625385593
0.276438632842
0.169538063738
0.346180390927
0.307713630798
0.293166484761
0.415733600734
0.353269792377
0.235613199571
0.433690890447
0.339027447075
0.53547609789
0.463924159973
0.233735586836
0.454172834958
0.372872670828
0.449963738571
0.385576492388
0.415275568104
0.433862209251
0.299523018523
0.345250159664
0.353061894171
0.289879125699
0.413052475445
0.357835644723
0.466605460277
0.541005608878
0.305186824516
0.508725805357
0.282070060502
0.485977851601
0.463027159729
0.467130571291
0.412103526929
0.235192139205
0.397993317175
0.36891031165
0.419825907085
0.295180129112
0.410589619225
0.567955561797
0.712634978173
0.460472139123
0.208307657634
0.370937274067
0.623222739898
0.417847847613
0.355368573478
0.493353279286
0.508891807004
0.445383685352
0.529775350596
0.254099928411
0.372182942825
0.647839326781
0.304771463553
0.514494528094
0.430836642597
0.411124498825
0.389315398368
0.424382378359
0.514157668066
0.394799325887
0.470246153889
0.419192986121
0.245591292974
0.256164565178
0.480928998267
0.591866370055
0.555958945354
0.236681597071
0.19175074674
0.326440150531
0.346771120654
0.361015337622
0.409920105337
0.286425881625
0.3975507935
0.224758176389
0.408374555646
0.423093697814
0.225481833285
0.618321067776
0.375435422626
0.359320745705
0.517821234662
0.295851163501
0.437516470216
0.454571111453
0.453610387604
0.314767093732
0.331444563101
0.467821993922
0.657446460932
0.286620020148
0.328897131554
0.505692088207
0.289917423404
0.572676944937
0.393335328934
0.572187677315
0.442401806174
0.358515660396
0.457349836459
0.255928596685
0.550119334969
0.381388240255
0.431064544829
0.39708967011
0.451815857582
0.448088064536
0.343410978053
0.24459282877
0.215482204943
0.325605856788
0.284840991038
0.279649073097
0.341687822041
0.176757961018
0.303884908812
0.489012901265
0.31813369538
0.407695553992
0.339967265152
0.32499481835
0.335975442255
0.555079037274
0.347446084756
0.319583766228
0.521660449064
0.287167729291
0.436320966414
0.331552666937
0.430707535001
0.391886865902
0.358460062549
0.362491404299
0.300433706513
0.543102387358
0.317004853528
0.255125427368
0.388057708613
0.516627596215
0.56331835647
0.535149219164
0.46063785453
0.184441669049
0.520239167637
0.252782710253
0.417837427461
0.622343363937
0.252930242377
0.290722615176
0.302799661585
0.441607358989
0.42234806058
0.386363466855
0.261052202725
0.285743117906
0.482026001627
0.383274241384
0.444374415419
0.490206326287
0.576855742339
0.492305482418
0.466214291177
0.391708196594
0.168870430077
0.544772828546
0.249440743592
0.320253552541
0.40251580078
0.381874346762
0.505168653773
0.309648274838
0.606381905664
0.535054853699
0.410336311335
0.445292240542
0.550629053139
0.217772388576
0.294018097125
0.33983467537
0.383636899373
0.213066751358
0.387970634099
0.458962038491
0.275953682653
0.543885903566
0.439032255662
0.237143563348
0.288917141299
0.467799770212
0.297557323709
0.282418625739
0.448413566115
0.334239022092
0.418393612304
0.316036465253
0.433431941859
0.553646911825
0.245717850807
0.157040849124
0.3851200134
0.496495877328
0.514285781394
0.4041583313
0.453793392741
0.298597316413
0.347490397479
0.227468610879
0.292528947787
0.48910606646
0.597235510423
0.431475603747
0.445188718956
0.210856102001
0.378923536299
0.351096860703
0.290584852268
0.563277666453
0.3872457099
0.409715344825
0.503792053914
0.453832915789
0.407866673712
0.501136088369
0.291300237125
0.334078159459
0.38009383316
0.304201970045
0.511098385026
0.483885693207
0.336931299039
0.422515816547
0.420492830429
0.298693774498
0.366684474354
0.338675778487
0.212274007414
0.351268629234
0.182436576635
0.622507455738
0.49570583375
0.479442629251
0.562328877493
0.330971238703
0.309864100197
0.276401836399
0.480338698698
0.424298929332
0.509550837163
0.35257220882
0.428420956439
0.382404223885
0.324478655576
0.317626699353
0.357618768576
0.344330644749
0.337144630207
0.333318798616
0.451174720739
0.371400043983
0.267659437421
0.328212540887
0.449342804357
0.204674702887
0.297425332295
0.313252748496
0.399217552884
0.489033044605
0.426714693763
0.423126277552
0.312954818853
0.455336779705
0.386075864948
0.354141882869
0.344375117234
0.34237529165
0.26943131925
0.293445770572
0.282434407026
0.287580601017
0.524956895677
0.310460020877
0.250601005488
0.365511770234
0.301810346717
0.46493185742
0.279442716
0.305254119034
0.218823833539
0.485816994244
0.336857732801
0.365590678315
0.515509211966
0.314648522662
0.383741221494
0.461836228259
0.480058558565
0.364036604003
0.572594747469
0.509743576869
0.563797353096
0.496261812733
0.403245672182
0.347996058552
0.350406841564
0.501337583807
0.441112119812
0.370162459023
0.205373796146
0.466412897128
0.348017827656
0.417562209229
0.502096724579
0.460967039952
0.3049569055
0.501874492991
0.235977644772
0.445759270602
0.521984088705
0.371625187769
0.506037338654
0.427812248382
0.397044798967
0.572272029403
0.421953422446
0.648615249007
0.481877338219
0.389268670226
0.526957420541
0.601540056061
0.454063424913
0.421590643319
0.27868877388
0.300836460926
0.497655379605
0.417778949224
0.306721458601
0.522246618743
0.423348882134
0.432128819156
0.372839673351
0.610936367617
0.297017789862
0.32250280447
0.257838231291
0.265652263447
0.377751610511
0.489493097868
0.504724601407
0.456954776592
0.29680572233
0.298899523193
0.377574277077
0.294614912988
0.150337407563
0.179311576094
0.330873572008
0.425005805829
0.375384115992
0.564009080162
0.33991503053
0.414264801758
0.303538321596
0.433524245943
0.321331771934
0.48187019128
0.617023665662
0.457402258209
0.333999637902
0.360089895702
0.532055787675
0.373168008933
0.53699423035
0.5094675562
0.421029177891
0.431745734289
0.306006410263
0.350064685833
0.336478698916
0.508029896853
0.40009814579
0.417360120389
0.391261470244
0.457352080782
0.429315684373
0.185065569291
0.222507689285
0.385535544568
0.42755903289
0.532164714087
0.417902543553
0.54192099806
0.39755534251
0.489433085727
0.198114942242
0.289019866899
0.437789783648
0.24165623096
0.317380008917
0.464913606783
0.342893503514
0.409181555941
0.276158344259
0.45225071379
0.425662624515
0.372099292807
0.242786142796
0.328948396049
0.307754333405
0.409310246925
0.41502374878
0.539348825701
0.442208549393
0.592733784887
0.185904875105
0.375347266504
0.184829233474
0.386034822692
0.401365463774
0.519347685315
0.406557107437
0.240228467798
0.395079037888
0.389212120732
0.445934554601
0.537337246551
0.532692879263
0.638030039994
0.301473166415
0.142558782685
0.369628368505
0.248524398753
0.284409852574
0.375790158512
0.398363646772
0.496966554048
0.46203483089
0.394633495095
0.327431423888
0.376556821607
0.278538217373
0.263047097978
0.312451906742
0.340197898187
0.164576855718
0.555992267868
0.570877476757
0.477335305879
0.290723101949
0.493114357796
0.21416249561
0.400088144485
0.236426254381
0.389311524514
0.316391605121
0.465710722908
0.480902746476
0.399242691985
0.447235394686
0.273978081092
0.407468051762
0.337399877645
0.534348176427
0.464070265974
0.300795380229
0.502895394504
0.244341552625
0.253435274769
0.327487059423
0.232440050868
0.598601968512
0.29343988243
0.439097153195
0.504100016235
0.435139000015
0.386380773792
0.324207512818
0.301633451615
0.366746950582
0.282847508575
0.29615460314
0.289520361787
0.469345344174
0.587761434551
0.233453828316
0.231945770729
0.410214541826
0.410545236247
0.342355435725
0.421124569951
0.466004098869
0.390994609797
0.367532422411
0.516447564254
0.325924089569
0.31496875741
0.383613729871
0.420501629578
0.413962757191
0.378472954153
0.355896863931
0.49104416891
0.521808257156
0.171429565026
0.182267523953
0.47657722822
0.41274712194
0.32973820666
0.281198469728
0.440417033671
0.355601954813
0.120273502364
0.476542335928
0.284616876216
0.430774483553
0.337033545236
0.263813778359
0.466497024305
0.497531296449
0.371290964877
0.606873980071
0.536932640202
0.473142163465
0.302444241017
0.366112416839
0.229350549155
0.256890905888
0.191530502789
0.522129368996
0.378639860087
0.381676288798
0.387797603189
0.47978532891
0.198499881152
0.647209711914
0.239166237822
0.265395444446
0.320538976177
0.431020322351
0.329538696647
0.616813346275
0.336359055354
0.312332811075
0.405619100841
0.415422053532
0.307997290476
0.548219711049
0.472980448929
0.447413525459
0.438985640096
0.369742907295
0.348997081802
0.378895620537
0.502067581892
0.542297595955
0.387919251489
0.309554394924
0.483822244171
0.318189641463
0.353718823027
0.372846835345
0.217327543974
0.322521953353
0.427515726381
0.412430776654
0.367309118574
0.310784041796
0.298395301702
0.448555508693
0.519750332677
0.235602106763
0.262250489283
0.277579103116
0.2662059558
0.35122261669
0.317236391959
0.318740014371
0.267965219046
0.394683528719
0.356828338772
0.419944498348
0.359053806345
0.372472147594
0.306186796615
0.453891807528
0.342709194192
0.359691381432
0.24755275573
0.117432677398
0.492697780575
0.516151533712
0.527586831851
0.436932181796
0.305089950074
0.451929652417
0.25519059982
0.237581519722
0.467696278528
0.340609196884
0.527738310049
0.559185532242
0.382490396873
0.360642184218
0.319678091821
0.492964761852
0.509170664052
0.254691526416
0.415884490744
0.51382683127
0.490923020093
0.395035324157
0.226344363535
0.437986361827
0.448458262036
0.514417467706
0.302719787325
0.474249893757
0.33208756725
0.445363567419
0.377653509977
0.224501150097
0.355725096538
0.40165163737
0.271278205718
0.444393706639
0.541771743823
0.240874056586
0.288657616449
0.472595495064
0.234945452253
0.238061104037
0.19325999621
0.657849237187
0.587970452014
0.352926595717
0.341715044072
0.513439242765
0.279815972581
0.22830583785
0.193935253369
0.429383584128
0.180028496154
0.328404824944
0.380815858553
0.363536658665
0.594123767259
0.269514925372
0.368970574176
0.320517514633
0.496737131319
0.388892533166
0.384875610435
0.407972893999
0.330234738046
0.290979722823
0.368773277897
0.451176674998
0.388310751758
0.407100328044
0.267473158685
0.412828627306
0.252293383298
0.476810559351
0.561530490909
0.366202135315
0.449203650761
0.44558399549
0.244100127909
0.357614578313
0.398470977483
0.507202256243
0.537342274152
0.310767112233
0.428790606781
0.413149541569
0.337161757525
0.414604698629
0.402595469902
0.274073009269
0.497043168655
0.508055993178
0.520973344929
0.361290097114
0.536118988567
0.62659409721
0.466013229017
0.213908373684
0.476592461448
0.411695429209
0.628430636734
0.194431841253
0.342694583947
0.447425495717
0.2169019143
0.36913445386
0.465616452338
0.382087619429
0.294859384021
0.360859981925
0.383555587161
0.267840068211
0.423724184551
0.443235770398
0.344892625823
0.388098245485
0.386321638834
0.502692427353
0.258219582944
0.603214941083
0.59896741815
0.598612194306
0.374187116965
0.414069294161
0.425349461772
0.25882006081
0.455247573015
0.448137567945
0.448345376571
0.260509322716
0.505388929027
0.493673769914
0.348925953583
0.354076174642
0.540124764258
0.516507025803
0.377346755028
0.258300709036
0.581109264216
0.4923621001
0.253673749766
0.359501418378
0.450721208393
0.354367541357
0.490333908942
0.469158781112
0.490190778199
0.500512575847
0.313137142701
0.29360664849
0.563684566844
0.154414833761
0.480280013003
0.402100024692
0.448427367912
0.248496970262
0.480758787304
0.343869415779
0.505891472267
0.325503320798
0.269850184915
0.370436349757
0.400236688431
0.316969354776
0.321083565901
0.414724105322
0.273854840597
0.379427410745
0.304123971524
0.585861823428
0.638092531439
0.519958852281
0.358554532272
0.595368385059
0.432675196578
0.525677099946
0.472772588245
0.43136223536
0.335011713958
0.456705711925
0.453153373088
0.387244303967
0.265140183506
0.358139047202
0.414587983321
0.576109512284
0.35453172157
0.407071297251
0.517257011837
0.262671471333
0.343866857053
0.54471661513
0.483499646243
0.254852039646
0.532304897319
0.430847275096
0.283388855685
0.323201315496
0.231078169798
0.528771019759
0.529458251102
0.391815914523
0.465009484331
0.525004377299
0.378025038604
0.341026926753
0.358266921479
0.21123830616
0.282586075436
0.307790928224
0.389803933588
0.391922169565
0.415470973877
0.546228579044
0.485220847748
0.584936940271
0.479310389046
0.426999541087
0.352234791169
0.387949682601
0.476539793088
0.438788173326
0.330418693412
0.345405563363
0.483517526746
0.379650892392
0.449857185521
0.347893570833
0.410499242771
0.47978615467
0.504019803818
0.515646854299
0.363382606507
0.254478966982
0.39604704858
0.379999185512
0.378725013759
0.437084245515
0.312572996185
0.416325208437
0.282488438083
0.489292783074
0.306850812735
0.304052254549
0.468641949787
0.105052975188
0.271282220562
0.433740235848
0.376530193022
0.562134178155
0.311715758007
0.6155953365
0.331715722535
0.33854830197
0.429875762681
0.379835654846
0.418470853924
0.4116749721
0.501458919106
0.461385634031
0.436913761811
0.502876099272
0.352565349972
0.308970288897
0.426302973063
0.447420509477
0.496260605456
0.473427803371
0.375287939052
0.457524693692
0.277284680367
0.307309286077
0.321646736125
0.247538967294
0.480006143024
0.463818751413
0.513533361005
0.457110160533
0.375676608219
0.358376689711
0.573866693633
0.392845393414
0.315243325792
0.374205742526
0.540923192399
0.601947473089
0.295641707831
0.517479348527
0.477288230712
0.31348912931
0.455843228044
0.453513070436
0.384445380663
0.594099613239
0.441222316849
0.451435118696
0.271219719594
0.230780535666
0.313855892218
0.374196434489
0.488555124585
0.285861787847
0.386533520608
0.201978835093
0.44159739491
0.411479743019
0.539399574013
0.419530305587
0.421646593992
0.445378661216
0.560859682107
0.51231140099
0.269188262587
0.220056353867
0.440001957197
0.326700579987
0.331671647957
0.422521783292
0.366193359036
0.583947328421
0.40027984597
0.416757181943
0.408437052923
0.496361384818
0.578039549555
0.221576913552
0.443550822978
0.339858422701
0.515000148132
0.349309900851
0.51257379876
0.367440564146
0.240104716392
0.300291765255
0.513962366837
0.317152127351
0.531269840528
0.373866417694
0.38208613237
0.372693416955
0.271159704005
0.373477364716
0.532314917639
0.33230413205
0.366213700686
0.336320895022
0.294548507121
0.512587910851
0.589173662062
0.301381297453
0.288920662142
0.218278169349
0.318334462996
0.417650581107
0.425849340046
0.474267146933
0.220824163592
0.356356438691
0.334487952257
0.536485385795
0.485173455093
0.341763490405
0.183438822209
0.267778225075
0.487396675712
0.272394815296
0.566117249777
0.641926333662
0.219371028518
0.227348768645
0.31711641267
0.332803715893
0.31813731631
0.372547134886
0.49538295606
0.450999763294
0.452907231338
0.506915935834
0.388465143156
0.326484012616
0.266611783495
0.464505484818
0.489432517735
0.435561425993
0.253616995874
0.434623852223
0.432486478427
0.603928725236
0.337670388681
0.335531721759
0.516762241184
0.47343847725
0.461076136666
0.578195455844
0.327318372791
0.478671586968
0.408004941654
0.490393864038
0.461758675026
0.293097223071
0.454480149422
0.32762051592
0.415352341932
0.350481807608
0.500678861132
0.405096224637
0.455690725744
0.391635394057
0.393620864724
0.320589910878
0.430611772359
0.463849632171
0.499293515465
0.586127906025
0.230860605278
0.421939033395
0.404485280569
0.376291536385
0.426389180926
0.481833659861
0.423714980395
0.365267559353
0.322566508921
0.242118893356
0.303185727373
0.516742520785
0.31586094525
0.360176933336
0.476979436134
0.404262357438
0.406662135915
0.312864008849
0.231802790703
0.4992068661
0.344700228549
0.308865776181
0.30153388488
0.435966979369
0.308324636528
0.381290440213
0.38824789246
0.31686704325
0.406498566818
0.382957127323
0.439221543069
0.54902756217
0.485122911892
0.415678981243
0.396933626938
0.427761512211
0.372821635333
0.612126440986
0.283547094164
0.364511681367
0.596753672663
0.455722345189
0.448935405358
0.393101411805
0.539386382833
0.402968504168
0.198156706973
0.495830194879
0.252547553054
0.472278346725
0.561243911628
0.279428207577
0.589880257437
0.306932698285
0.404723765741
0.341762359251
0.38850333246
0.349710677948
0.36794228217
0.473736348412
0.322984376134
0.459865802508
0.14704976568
0.241936663839
0.473330040247
0.258081876113
0.342836658563
0.360543562862
0.236918083673
0.264864245406
0.239744811544
0.468356759091
0.477281705659
0.420357152031
0.617907097706
0.507966842261
0.380298409052
0.303733863548
0.392305878133
0.50169692159
0.253810375999
0.288956325811
0.425405586348
0.445896677755
0.505528041677
0.276668042079
0.362983127997
0.608842830259
0.52945267756
0.552803180671
0.459632433351
0.370890571442
0.719736032469
0.354432211612
0.398386514208
0.288201665441
0.312687509316
0.341096419221
0.260912990859
0.367715879927
0.419494549304
0.375849669948
0.335554908087
0.495483255433
0.21745834055
0.5280497191
0.369397386788
0.390628481712
0.193956488859
0.481371565093
0.514616554696
0.362108057214
0.412731286844
0.428729182036
0.364338443598
0.333734269523
0.600394119504
0.432058856987
0.558292122882
0.207994377727
0.237726110704
0.283204661753
0.295486365396
0.243008627624
0.269515024831
0.375286881206
0.310359719167
0.223412894252
0.554381670288
0.314174027522
0.198135971568
0.463756887181
0.438493500552
0.360813826042
0.490796271814
0.342238665034
0.248446355589
0.500604230429
0.398360267724
0.624404792854
0.512302543349
0.191244437028
0.281779156568
0.307059444252
0.484972712469
0.418161231571
0.440393171677
0.300590183179
0.361880526574
0.169926656486
0.188541821789
0.403271480099
0.220417025559
0.218433231572
0.305114568925
0.228878521806
0.472919123358
0.539764268136
0.428996554698
0.243821712948
0.330362963085
0.435708271103
0.298926534904
0.476738068085
0.344382922346
0.35652120992
0.351421230398
0.444052034735
0.397397184431
0.358578854634
0.50170007667
0.323163278538
0.438723467569
0.32595045565
0.464477631836
0.482591947772
0.394892729315
0.391007457824
0.510536379857
0.505923228036
0.364985445856
0.399383357175
0.523533325061
0.459599347284
0.391483240654
0.495301455827
0.413297887412
0.415697232462
0.524096318517
0.412449227976
0.366333020917
0.331536098584
0.46139478389
0.303338918842
0.326905095697
0.64628073661
0.589064105358
0.243515409529
0.565341930935
0.410586608251
0.411768347026
0.440085343285
0.310501230257
0.453979320715
0.397301176474
0.202954765826
0.536805807493
0.353304190182
0.334603704401
0.340483981994
0.265115255488
0.342233578686
0.305058902001
0.193815170272
0.329818850207
0.510874021706
0.446860228127
0.37423492615
0.295256607309
0.513829859407
0.460690121345
0.387644394024
0.267714044857
0.318091493907
0.368522332606
0.346031622082
0.457102980824
0.462918376814
0.286238652558
0.264047005569
0.477000207247
0.479306848229
0.383894355935
0.393971184674
0.451277809619
0.457001350967
0.480753792912
0.451303486964
0.339390753858
0.329864683235
0.478366645692
0.317800666947
0.320036535246
0.36507649632
0.309440762576
0.413567706094
0.525187016417
0.466472060495
0.504277574386
0.588729786001
0.362595051414
0.430909110903
0.469561844473
0.454031735887
0.668883051326
0.28531661538
0.442480976136
0.346721414104
0.329377066779
0.336805870807
0.330221995159
0.530496095652
0.291889418087
0.218025625079
0.418012939756
0.601410965041
0.489245238796
0.416069508743
0.485449464282
0.255084814892
0.507552709827
0.309443121165
0.343289491786
0.497869679802
0.440438644282
0.439933379134
0.448518230466
0.339778081846
0.299247953585
0.422541824425
0.275152877333
0.41616771396
0.418672988499
0.217100705903
0.360943836347
0.302231034017
0.408367795016
0.416369704929
0.353770267569
0.549893397436
0.322047361937
0.30166181681
0.320591945776
0.45723811377
0.665870831037
0.349692891785
0.615637632308
0.408246633668
0.34287783976
0.310091346965
0.423827561145
0.512755421665
0.396647997923
0.57789971227
0.477610065027
0.35706342042
0.43839301596
0.375019030545
0.599815293008
0.336689270883
0.200422551555
0.32738724585
0.305167955154
0.378980944208
0.539628847882
0.320679237568
0.421893107769
0.6175448502
0.47099761385
0.376606317335
0.506386224356
0.397139535626
0.285948099458
0.556041326503
0.32371704178
0.42731546837
0.214535175477
0.242939197705
0.327761006727
0.444193217013
0.138503283593
0.293537875114
0.291786413717
0.485105806691
0.410133587176
0.328684462708
0.346954475217
0.266693646104
0.390630876151
0.508207710061
0.544219611716
0.452501071654
0.500027260845
0.348251820534
0.474456329921
0.380435230537
0.320836261676
0.288389287758
0.442291946302
0.167332876947
0.377281417115
0.488962589005
0.192476037828
0.179572386135
0.440545683169
0.352044718127
0.647125456583
0.359229113815
0.156165040696
0.420150523175
0.457938274798
0.47666069514
0.356115650107
0.486775939256
0.522004961906
0.551568391546
0.401663408214
0.414617858006
0.423546993955
0.526464128375
0.515376760762
0.285166001472
0.343667327202
0.399467263211
0.463915132859
0.607658654586
0.503940433146
0.410849322288
0.210766146147
0.292207907423
0.502193523053
0.372741826243
0.427793921113
0.384087480287
0.489737765017
0.311191665266
0.294911215165
0.388663604382
0.376392080861
0.385943601834
0.47308722633
0.381253064058
0.504647341811
0.244524511162
0.468456664191
0.294518317604
0.426225028384
0.332680511981
0.460109424444
0.4041292286
0.442081589417
0.399103561386
0.477143968582
0.439213630462
0.413609885956
0.263852639275
0.413465873221
0.360596358128
0.401096009859
0.399009795099
0.582208402982
0.382664650068
0.460312671243
0.344326554999
0.386253870449
0.274124259199
0.116579254465
0.219484925706
0.309971319027
0.574526405501
0.135732804234
0.434950380114
0.46654421388
0.318254329423
0.594205640818
0.606823696473
0.306852760357
0.413937166431
0.245547293302
0.394775422968
0.419083619553
0.381222990202
0.248402019936
0.321535727313
0.375774315315
0.480724980603
0.330299231591
0.334018974211
0.285186525149
0.496589554844
0.325684398023
0.424102534042
0.472974538772
0.424388043612
0.413677226568
0.295421261446
0.142942584278
0.350960917485
0.183580140544
0.354519947416
0.489664056697
0.267801658128
0.66257868418
0.54108976501
0.22411331371
0.412347179618
0.418989532994
0.418829629531
0.319758635077
0.428118930235
0.563083031961
0.515921144019
0.407691781889
0.348617590017
0.281653815847
0.216071131171
0.360334420535
0.324090416082
0.381499835242
0.430496185726
0.475679337935
0.271370725822
0.424730089045
0.38973128908
0.520676130727
0.556334429212
0.4004363678
0.273393863676
0.518755517411
0.41370737292
0.348674259428
0.434452925192
0.353404823745
0.420648027753
0.571192725094
0.286004094793
0.270693290552
0.210978637343
0.354944219356
0.541465307606
0.520841482994
0.523549309984
0.375935331359
0.274928393328
0.237409322622
0.346109053571
0.137659300733
0.400756223331
0.334778250683
0.545797530715
0.366920912036
0.425692959207
0.261264428388
0.475063784488
0.301137455725
0.357862993186
0.463226749797
0.348282336509
0.418554184167
0.382854471381
0.368492453471
0.3413739876
0.349924537035
0.45436961081
0.339374497977
0.372204279989
0.217765364687
0.337451917763
0.39986317427
0.277874289641
0.349756531236
0.340722151785
0.405342686521
