0.747917616562
0.678040751466
0.684342540025
0.651231699501
0.781074079808
0.793641759004
0.790519929812
0.788715094994
0.800787097644
0.763787670135
0.762922359923
0.762383332742
0.824409451594
0.746447784369
0.852626178507
0.84221487459
0.789475434521
0.722382005714
0.810707555748
0.724636194549
0.85340865077
0.786573874364
0.800389387354
0.741359878356
0.770788647157
0.822360687213
0.876729810381
0.798169413469
0.786301481677
0.759022353459
0.674121909079
0.792725460253
0.749102845052
0.751055042397
0.726856644656
0.824267452623
0.841605135868
0.813893883153
0.64941026298
0.627874620813
0.642882887222
0.838412688418
0.811812570064
0.773803304877
0.804650902966
0.709470967777
0.803819858851
0.793428146273
0.776166954248
0.752733912734
0.757441443336
0.758823748747
0.796427776362
0.651950399703
0.80170528086
0.825261335846
0.837491946883
0.834375826167
0.773817918289
0.659915632525
0.791985916651
0.884107401026
0.837931195738
0.766458197475
0.729590399226
0.811770394832
0.730388154407
0.692295420422
0.819105044116
0.843099001772
0.804575386019
0.845959462733
0.748526301847
0.772769213567
0.759033198629
0.788725659601
0.731921503503
0.757716890877
0.682459455088
0.785572991467
0.694765492589
0.660520269102
0.730162752154
0.706026227619
0.848908955879
0.743598447751
0.789588935364
0.682999473119
0.724574009712
0.833339511782
0.815129551952
0.776883227551
0.752752592738
0.777763872513
0.776670475795
0.824108874644
0.778984337521
0.783261054995
0.791583354284
0.838970253089
0.771142352292
0.807766622503
0.749279721819
0.761011799363
0.845975051932
0.874504087287
0.752978160532
0.801831256986
0.689009453815
0.831807166421
0.681690291302
0.798369852936
0.749007436992
0.798279563242
0.70796648501
0.710944299523
0.713358479902
0.6925834426
0.726559906838
0.698814220344
0.77845281454
0.75898758303
0.747936747759
0.716605803142
0.79437511771
0.755533632918
0.815289622028
0.836822526136
0.71236394793
0.721425762538
0.723357676887
0.69340441788
0.749970844134
0.788981745689
0.684786101951
0.783519007369
0.723484621678
0.734536294652
0.733064185716
0.849772954805
0.797736208371
0.837140090921
0.817195677618
0.765124854318
0.747614358595
0.743725536215
0.824023830186
0.743976617297
0.736192235033
0.698073119438
0.755586717913
0.78235565682
0.771462346407
0.788570004075
0.819886170748
0.846660186343
0.774733300064
0.768297081407
0.822043089481
0.718219634422
0.848501327096
0.823045003692
0.752011140974
0.736659126189
0.679414036962
0.836687425947
0.846601377453
0.778553927495
0.725028931485
0.768292616316
0.751180907461
0.749351818018
0.863236629036
0.72940049066
0.729836442577
0.845363795899
0.848626021904
0.789708896475
0.757426803771
0.761942084641
0.855634004979
0.749097059115
0.79519354058
0.704535887291
0.746161043379
0.766496705611
0.684829856271
0.827465682597
0.73644334192
0.791478271264
0.77120599344
0.719309610627
0.765577537821
0.78649537899
0.848095101446
0.784888155468
0.691884951969
0.715348580873
0.768975927124
0.784191501624
0.700579734006
0.695717638625
0.710447183411
0.775137422552
0.800243576034
0.808194578008
0.828566260405
0.792470941171
0.759604931964
0.663191001036
0.856020483067
0.563440943167
0.789272296248
0.713286962135
0.784265795879
0.770169792074
0.776196423658
0.734054018705
0.711593659505
0.728063933209
0.845024081257
0.745543878682
0.819458490538
0.784731609442
0.781828259604
0.821882053742
0.808556269763
0.853104793403
0.857072655902
0.79120809498
0.81114741407
0.738004259549
0.715971295995
0.815420769581
0.799969580152
0.766841968202
0.829980279336
0.757652537757
0.820315608759
0.771179324556
0.782308030686
0.735404869249
0.875937711685
0.769864329942
0.765915697687
0.728096073892
0.600875487923
0.787096206083
0.755229928814
0.756158810711
0.751694651376
0.820873815696
0.782466105143
0.771737175055
0.74058008542
0.72850238517
0.832342412102
0.791077850773
0.692114611344
0.761651320682
0.723334948879
0.671374338529
0.850307890866
0.890308571658
0.719790107488
0.809010159893
0.695974814116
0.71794070864
0.737861447191
0.792461896561
0.83438379661
0.706573462203
0.784533004779
0.762107508115
0.644792986771
0.707364672415
0.785229364686
0.717115592604
0.761265369802
0.720372252586
0.693381206999
0.763946754389
0.782095048544
0.719230909172
0.719149155609
0.677732577053
0.73781635169
0.837178257517
0.679311883259
0.691419697867
0.74999352465
0.739892927775
0.713264237411
0.793384683039
0.781096815488
0.722841128089
0.706541545151
0.777440600263
0.652381484255
0.805678221327
0.751335201826
0.662364957821
0.679253230348
0.778406519478
0.76585196272
0.738619361225
0.782289419194
0.7886642798
0.850788042143
0.84541769566
0.792135029216
0.781731342886
0.705156182753
0.849112035401
0.749330951853
0.821477554828
0.770407679406
0.764321581574
0.885177062023
0.689277216526
0.726378811937
0.880134081258
0.71714163638
0.794598415916
0.789973475041
0.740746271691
0.788656002805
0.606562221099
0.852630021362
0.803661082884
0.679157863365
0.779985530071
0.753212388653
0.692322822799
0.762061817806
0.844774454392
0.721815895742
0.840354547133
0.767002820656
0.833172897737
0.728704154927
0.842377856093
0.696508449115
0.777567723773
0.761375183924
0.751872888875
0.766194843191
0.810310297356
0.766218778131
0.821969212821
0.695053462499
0.717102017782
0.796635181618
0.717812898727
0.751544171843
0.821713975218
0.659034137745
0.801428441419
0.721317844249
0.778490724829
0.750513812449
0.828556367402
0.76437159673
0.778280680081
0.814426018912
0.742629784453
0.727712753387
0.778434149344
0.704215020316
0.736323297016
0.782580744792
0.775064812031
0.714511515026
0.701339684241
0.732811404038
0.655393403342
0.793374456103
0.775622558326
0.754231831506
0.753909901405
0.738751962774
0.828216136207
0.829766054961
0.764079920759
0.867672797879
0.744436155651
0.747136785272
0.838316908028
0.815973629417
0.747493856216
0.794362642398
0.770960943981
0.781499501546
0.738636707945
0.766835472207
0.859462767558
0.84430931177
0.630387680889
0.700938225684
0.720361287296
0.702707990244
0.855631141032
0.853992246393
0.879667380231
0.7311961139
0.745580403744
0.707383124926
0.810568329887
0.824226276298
0.661413425847
0.811089545679
0.833722918335
0.772439201446
0.673465026474
0.84320107209
0.704775042071
0.69977440101
0.701067161953
0.850541191029
0.737026850034
0.764209572133
0.798674797492
0.833639177293
0.7445251751
0.717353669439
0.810558335334
0.718483845451
0.757288690102
0.672624620747
0.807598716191
0.683557177181
0.721283462994
0.803885950105
0.84770166755
0.796246631274
0.722498291022
0.790953200827
0.684047426674
0.782764954162
0.750997086218
0.773483858382
0.789966870924
0.805827630234
0.787293249284
0.684107371839
0.721556102866
0.63146992769
0.819814386898
0.733937611898
0.763291011263
0.738582459388
0.811578328653
0.748769322163
0.806259335575
0.790830380678
0.80928371605
0.836508704732
0.823739943297
0.820771439884
0.77972163855
0.769967652051
0.601188610506
0.81062465713
0.805489969677
0.776853466653
0.799196079135
0.792908291035
0.779967202093
0.813516419437
0.833509080266
0.727802177967
0.751229234944
0.6570258746
0.611103875797
0.776881398804
0.697606125556
0.771672273781
0.852844322505
0.747810841921
0.780069289275
0.75159539428
0.718939899046
0.606247386014
0.666092963063
0.761718254344
0.798731098864
0.780363711038
0.814378782848
0.840900781308
0.691549810732
0.681003972007
0.78872266422
0.843444663314
0.574230468203
0.680267169146
0.625174817867
0.823580946534
0.833046173272
0.776633471589
0.750399036709
0.764440672723
0.797428576803
0.762705602418
0.797812134697
0.733362943144
0.683800890252
0.771379955492
0.690292095117
0.677292331944
0.863364702448
0.785428113226
0.807260576693
0.817222440288
0.808015252349
0.683821432336
0.821692309939
0.71257379974
0.742806653805
0.757512561998
0.714810698585
0.747695320962
0.646255977393
0.811521164005
0.748850492148
0.77638848823
0.754899621645
0.809297719631
0.774052795326
0.733339598897
0.708238395329
0.845989232198
0.788210410987
0.840993145844
0.837174156734
0.754159671216
0.824676957824
0.75336871297
0.775290277422
0.73745135819
0.765080518649
0.809999642024
0.767173246606
0.843540806662
0.736234574422
0.867049838151
0.751410105984
0.761746007089
0.839712594585
0.80200896443
0.812631786119
0.755440867349
0.80077695622
0.871384290105
0.768044802734
0.784343976233
0.899091300127
0.725714828303
0.707490964765
0.775398823852
0.827966333225
0.6969375366
0.776918779284
0.799884477904
0.681147626115
0.71260163826
0.791924934107
0.825760061957
0.764124413104
0.705430954409
0.755015317641
0.84271569712
0.806938562355
0.813288611467
0.759287587646
0.795262773284
0.787997838866
0.789040768939
0.807710129068
0.828479370659
0.735771657728
0.782868325699
0.883227983343
0.795123343842
0.844853217481
0.756109426742
0.837163238705
0.749893556841
0.746241531933
0.75157303766
0.782169408323
0.805833455003
0.836106693444
0.816174870564
0.649628345392
0.746946037717
0.767458899183
0.715067437974
0.682569686142
0.769480266466
0.827016818002
0.759002663954
0.79536532269
0.875594876167
0.833230169196
0.859875215375
0.695423466857
0.826428211558
0.696190390258
0.688757017417
0.793736605982
0.794988450845
0.743861606183
0.711599867838
0.795709049681
0.802750539553
0.733380617654
0.722195602245
0.789676490612
0.798612121206
0.658205262031
0.766415761636
0.732709245523
0.722178090898
0.779300488908
0.661020119903
0.849118281199
0.81295244614
0.731201784561
0.852896796211
0.767964797213
0.661071567184
0.701227777027
0.729994638416
0.769469131733
0.761307213612
0.639508809797
0.758239519612
0.864799250983
0.701654685791
0.625151356249
0.689995849754
0.727949191491
0.766034496221
0.73473698443
0.754471731449
0.919146842462
0.87889461077
0.705767425707
0.780513077156
0.796810780997
0.720861370333
0.650443978439
0.694865802529
0.662901902011
0.73265615261
0.774726184266
0.830430751077
0.822748560707
0.748406015509
0.789719527991
0.773327343461
0.853232353132
0.829746793585
0.678310982465
0.807846552957
0.784819148569
0.735578821952
0.841400435534
0.729080215827
0.717104062677
0.770761305353
0.728384786227
0.735486177369
0.780593626928
0.777227179139
0.829975826202
0.860579613421
0.754928932927
0.766157191331
0.874601645116
0.759295647167
0.834569365182
0.858994397199
0.754699966818
0.754747029375
0.767361015442
0.787736445497
0.769697061204
0.793217299364
0.678240012612
0.868117779283
0.768676301118
0.743130875033
0.686380786039
0.734289914653
0.739993873462
0.779221149827
0.778758307664
0.778016242878
0.598743569708
0.677124360724
0.639127826123
0.76554357364
0.769441357359
0.81919184946
0.688260502079
0.630141658539
0.735895709855
0.767364806463
0.803544682753
0.759290513467
0.660661735796
0.759720905652
0.758217836885
0.776357320802
0.694629253529
0.802284086297
0.786021210606
0.724236958603
0.832913714805
0.778917516948
0.764466480068
0.689995771215
0.777222439546
0.797090494914
0.781422180939
0.744782008733
0.809376651942
0.792962085341
0.843025386377
0.67662178845
0.774017171073
0.812057305424
0.759559710736
0.679922167076
0.754985224725
0.782365033916
0.723247952557
0.749265141534
0.650021181779
0.885134618448
0.722321442973
0.814929086819
0.76444524934
0.681810482006
0.680511038012
0.79625061405
0.781632352862
0.641931330984
0.779853940284
0.763646035964
0.79319638826
0.765824605155
0.861729487412
0.829769306596
0.762065088203
0.772169613885
0.74376609905
0.711754270997
0.834079547304
0.737212085616
0.797816395016
0.851760315036
0.768424576571
0.760292110886
0.729781060578
0.750326919663
0.747798864847
0.704629923948
0.791959649699
0.807309049513
0.814990256619
0.750248820732
0.809465112248
0.723148109626
0.799562240248
0.720320873533
0.740320508937
0.756621716333
0.681554686451
0.80205826429
0.772870127676
0.787128927225
0.715641551608
0.725144158098
0.736286410057
0.666552624836
0.790877505357
0.854404694572
0.865735234749
0.786279095596
0.836121473683
0.835070944197
0.64798997135
0.801274184188
0.74399741355
0.663268123399
0.690655385552
0.73573143716
0.781508516613
0.732455459452
0.799570853721
0.70112236268
0.776925889124
0.840292043448
0.813305705594
0.713602582901
0.698577412468
0.674930122322
0.764781244314
0.849321921572
0.842321251984
0.842122035026
0.808679645164
0.695581451895
0.852906644257
0.810198076519
0.72427155727
0.829205582816
0.73028973714
0.68658809056
0.767450708784
0.790128889277
0.82825556202
0.792695366719
0.734999311011
0.867065842019
0.798758988308
0.760648289703
0.698905057273
0.791022493127
0.77591401629
0.641228237292
0.816489025029
0.678833250758
0.800916404262
0.779461444513
0.834997860189
0.734380713621
0.759742440307
0.825956620932
0.721377709108
0.678436939109
0.789827587355
0.764711490518
0.847335890515
0.736734743638
0.578520703086
0.773088376115
0.685328120224
0.81298738462
0.702984026762
0.679038560324
0.801021921283
0.853040402932
0.752152292237
0.770911931804
0.790986406713
0.778763861864
0.805541593645
0.782861469469
0.752853506298
0.773618882318
0.767831735766
0.805419589918
0.759885914299
0.754359179423
0.615329348774
0.668150488415
0.861889984639
0.748956996526
0.793036671233
0.829273208971
0.773601997523
0.771593025308
0.650912728467
0.643496638805
0.709057483678
0.805856791297
0.770837063221
0.690912691117
0.82984436406
0.570059159555
0.797079477224
0.796849642952
0.762085720213
0.769534186928
0.804849427277
0.778959520338
0.771588304745
0.630068319203
0.836299043366
0.823711908101
0.728971364301
0.814473144001
0.679714558273
0.657426623794
0.733943280926
0.778609069292
0.778273023157
0.78692568275
0.659802533206
0.853241389368
0.777130896873
0.751804238512
0.723361263219
0.728173460949
0.730929590133
0.75044607546
0.747675850534
0.740825356595
0.840439470689
0.716430843682
0.782350938416
0.824509091023
0.78570604428
0.808375543756
0.781621497246
0.812833871369
0.717828259656
0.807114548152
0.725528131843
0.72195409518
0.801321411209
0.76798589802
0.772098682058
0.833409063391
0.707297884196
0.742015811713
0.781296618522
0.746221356618
0.827626688622
0.798269353318
0.79506314295
0.826403977013
0.743264645687
0.813980270175
0.748281580166
0.730744325802
0.83290748202
0.6510085786
0.808886709785
0.867362583189
0.705648918008
0.780205035466
0.867307803909
0.592523703686
0.779731665641
0.693397678644
0.682073393513
0.67396335124
0.735218704387
0.839128263487
0.791614846854
0.728487649617
0.711170196524
0.740547870354
0.759575728475
0.739371706961
0.846060194934
0.85995419825
0.780706976354
0.773702536037
0.778503638889
0.800956668649
0.748764861887
0.836285517873
0.848078037984
0.815798744764
0.611381510984
0.753574494577
0.675743142294
0.77454649782
0.714714669147
0.8264632851
0.799023112018
0.764019732186
0.788401045224
0.812415777141
0.705493264879
0.677115731927
0.743397119852
0.787848028425
0.658881310227
0.86961340905
0.666514971917
0.870811545812
0.657335562641
0.848049800652
0.779548471032
0.699912407724
0.71619077625
0.782866523297
0.738755063303
0.730577018539
0.808506286908
0.850306797924
0.746089661483
0.797909113506
0.776675799637
0.670885709994
0.830584008987
0.649115734859
0.774880591208
0.844903657229
0.791191540639
0.77451672633
0.75606941317
0.709169313119
0.739896714479
0.693238302658
0.891836792386
0.79898741237
0.861015864086
0.70686717041
0.799563799277
0.787216950904
0.726472719076
0.82075019533
0.734033147483
0.726892201733
0.715378794546
0.703825961613
0.783813896769
0.764577690962
0.854713452008
0.739372643734
0.86206271451
0.79699201012
0.832878715132
0.815157883669
0.786543648102
0.780994787215
0.757486516439
0.791247795574
0.679286440595
0.710736653727
0.714313770083
0.865506322202
0.761253253078
0.815380544668
0.737357027806
0.766347178643
0.716297298122
0.707575087569
0.765896697511
0.782066544502
0.706691728375
0.815529222223
0.849360707656
0.779538658346
0.791441051112
0.862376077434
0.720607691693
0.727974685021
0.728180115296
0.734902602651
0.726322708501
0.702402424512
0.657022305126
0.760380741287
0.679578090111
0.840904639442
0.860430986087
0.702469524307
0.728673688083
0.746756268857
0.807870696586
0.741568463292
0.791702716701
0.803818667111
0.753179478598
0.749328477273
0.79741498562
0.714990099914
0.761099784722
0.814886270458
0.859018710259
0.794791956906
0.740759160628
0.783640760476
0.837755029244
0.732080043086
0.719441461075
0.565124856474
0.749680885616
0.824221108804
0.788725706356
0.823293824518
0.725431577972
0.726759231712
0.837605266627
0.81962436244
0.731856023385
0.752447932371
0.757050292206
0.774366481916
0.770593552932
0.768702747627
0.778766937042
0.701602581439
0.80836753
0.731663141601
0.829152344883
0.849390764015
0.738899727409
0.861271136545
0.770906978538
0.901329386184
0.783867759841
0.704031742213
0.844136905888
0.769173048443
0.755624879655
0.790852876146
0.683171074057
0.761186568154
0.725389237413
0.757231233242
0.735081917834
0.830228775122
0.760854885678
0.785234353106
0.746916474236
0.669599200318
0.747436764514
0.665956878754
0.753793922872
0.668330498873
0.766431871169
0.651129302991
0.768215037249
0.809549063703
0.73267606505
0.733211259139
0.76597395059
0.82791575099
0.718289779372
0.843571352205
0.770830211434
0.793953814294
0.712202397265
0.73033739244
0.785318788283
0.791065091657
0.797903878071
0.80365142515
0.763794168219
0.782483615173
0.737118526593
0.863463948786
0.760523646517
0.765148761728
0.820542357963
0.682564995797
0.859169820501
0.731425039199
0.780033847361
0.755451697983
0.819731529269
0.760097631438
0.684617801359
0.783619159224
0.699594629411
0.787885416192
0.804540431975
0.823842583845
0.775910913919
0.702739963549
0.666716211318
0.776492570493
0.76944280978
0.731291863595
0.696487951054
0.793516768116
0.753058954176
0.845296639126
0.865989978796
0.695269805095
0.695910363409
0.778165123688
0.791366527873
0.767182082364
0.689656500666
0.774933130474
0.841689130489
0.782604222468
0.847615273096
0.783728825707
0.763759969978
0.719166441887
0.848832724303
0.756997599769
0.734890180687
0.833394041318
0.755891002047
0.692464914539
0.67063164513
0.834917526777
0.662651340326
0.716555384611
0.821931700677
0.808824957443
0.72277104049
0.802085110367
0.774964290596
0.797237562485
0.74642079263
0.819376837325
0.721036167422
0.744460661494
0.666641414113
0.700243934981
0.728833725104
0.787251263804
0.744450738884
0.818735631667
0.772987039133
0.822649724391
0.718809130086
0.800526987053
0.7570435036
0.828883943167
0.759566406342
0.70655664712
0.773732135767
0.776282004489
0.780605436291
0.855955730603
0.718629256844
0.79923761468
0.809437008784
0.743420747469
0.736248027152
0.719908850645
0.787471753238
0.748853509578
0.648444987216
0.770389732435
0.787821378974
0.771045738313
0.800557775016
0.781413804975
0.80438500252
0.736276073326
0.803359158248
0.69748305924
0.786782141987
0.744423429788
0.766267734937
0.792728197854
0.790241847367
0.793398369985
0.718029381296
0.735549198576
0.69281559342
0.804696104157
0.651050206558
0.761359462187
0.742164150295
0.839021305919
0.878271029263
0.738039647753
0.814167790121
0.728090289897
0.815882704846
0.770108061766
0.775130638573
0.759583466827
0.701370478389
0.689529162436
0.729745853857
0.809999263805
0.774776342866
0.776489326892
0.81704085611
0.780605191975
0.706197597483
0.682865104082
0.743956060573
0.735013460509
0.676434816205
0.7835068292
0.793553421647
0.800188406011
0.784315523507
0.713496862927
0.733666915633
0.752300746032
0.727206288704
0.777697621436
0.79248478487
0.672344448471
0.764948779984
0.731086015262
0.721164048222
0.822903012066
0.806212465037
0.737868075023
0.772462675531
0.888420006886
0.678394196605
0.701545211563
0.744154002415
0.765558122151
0.830619606169
0.887881598031
0.80722955487
0.743971953991
0.860281934249
0.736047844854
0.791220240104
0.790267384454
0.818962892268
0.694237856925
0.738301636441
0.802023682152
0.791698777562
0.714326469159
0.829396563517
0.894569187378
0.739962821533
0.807566033534
0.814823581127
0.841052775557
0.738737318474
0.791936783833
0.749008467508
0.770386307813
0.838544321786
0.757083275441
0.728841419995
0.742404419043
0.717967406034
0.703838020464
0.717351314561
0.82286084646
0.805137399628
0.69400028822
0.74558082687
0.694192436601
0.666432622455
0.817423627354
0.814215943531
0.800511762623
0.786751526114
0.70652602118
0.768152826653
0.771529408592
0.841892743351
0.798327681917
0.71911544073
0.810639262974
0.789045366389
0.773888868867
0.796640638054
0.851979946289
0.775421831841
0.736738185829
0.787945088219
0.816122559729
0.704932058074
0.797114092357
0.743313239952
0.754268938395
0.681830499838
0.762316744525
0.638081254804
0.763839017266
0.73957210455
0.83736043733
0.709632588101
0.818699381217
0.82827441811
0.690598158742
0.77216026723
0.813574571591
0.623395009722
0.735051780353
0.561074630192
0.813749165648
0.762444193056
0.746324883028
0.742986658438
0.82838397178
0.636866912354
0.733598990135
0.727791183723
0.725729245753
0.698650064462
0.787612831128
0.733596994027
0.823176962717
0.742369600692
0.90747990804
0.788243650053
0.76766910345
0.720175231417
0.784675935374
0.746349752445
0.682901709238
0.733875633928
0.726821185933
0.843379155557
0.864742898316
0.753202163119
0.783116047068
0.852197863547
0.814472980988
0.762851945633
0.8374395406
0.810462081968
0.774626060148
0.696397939224
0.811932679651
0.712268964038
0.901216320347
0.822927777375
0.615407018887
0.735811316802
0.787166311551
0.802227110527
0.739320557231
0.678338661641
0.814635684903
0.801784056901
0.791675997756
0.787167513644
0.855798901376
0.768939082373
0.808403296921
0.736867954034
0.767328850933
0.729862726319
0.751938150772
0.701501683946
0.789991324776
0.581851237176
0.739022943917
0.78092791842
0.77418936609
0.707489290486
0.742599924056
0.815664910683
0.818644728737
0.803073733085
0.699089985165
0.709621341171
0.757223547133
0.726681453909
0.64308222742
0.579210550223
0.62607189023
0.804526192105
0.851249307312
0.748834465923
0.73475200095
0.750609951317
0.767145469208
0.767367888725
0.801399716578
0.702067356613
0.825044168369
0.8567234344
0.737066409154
0.753457829223
0.79082487152
0.758931198072
0.804459512206
0.809102933242
0.802600061722
0.797950771305
0.715420308835
0.729053154865
0.769863336437
0.758302966394
0.810783734677
0.757322078086
0.767053368973
0.779586706824
0.807295272855
0.814299382675
0.794449902736
0.734330518874
0.730602880596
0.776857676131
0.812822626816
0.641735143554
0.819489324764
0.758577992981
0.767792906723
0.773604247878
0.739213831642
0.736650522786
0.853557834038
0.781898666904
0.80490790707
0.780949439017
0.730887497927
0.752476766074
0.804525208418
0.750425362691
0.675370308762
0.722911916345
0.653789456557
0.714831088673
0.6851924551
0.801615955622
0.751528451774
0.715697129221
0.817679752412
0.890899870004
0.844680567334
0.776200864628
0.765003591095
0.790767848392
0.836648628065
0.758753368174
0.82499910386
0.765833606398
0.692814168472
0.776450853707
0.873697286437
0.692203714398
0.712637160143
0.84240140882
0.751902262789
0.711793712637
0.735391361841
0.796241659989
0.829886432956
0.700602011969
0.768583592241
0.775626306099
0.828266207382
0.825420769504
0.717232590999
0.743604148194
0.745510032375
0.836871182112
0.8649153768
0.636356951069
0.616703969828
0.710218724664
0.756120774579
0.780018937519
0.806807395418
0.823265662813
0.820272879567
0.724782086823
0.805074985122
0.760688424986
0.740476341339
0.698058392208
0.768092139954
0.788111885511
0.800719490622
0.839931795531
0.789542666766
0.767289970307
0.576653162401
0.778949337949
0.654867651705
0.703412170999
0.796707606039
0.785127654324
0.772517123227
0.824365214783
0.687271473558
0.674511127663
0.722268100319
0.596072302511
0.809252324397
0.780033115322
0.708968195708
0.831490729335
0.680867586381
0.694794616477
0.831134185901
0.826039501567
0.801995359974
0.686283594468
0.837296106663
0.691733161838
0.763064890748
0.786494967549
0.777531796541
0.72232763671
0.735601341389
0.768361085758
0.835357826904
0.759145532414
0.757287042667
0.787591551598
0.774167540391
0.78239954553
0.706127120603
0.827905154915
0.787205287026
0.759537131099
0.67581287789
0.764768610511
0.692141658633
0.643493840979
0.788514749699
0.762368277426
0.761919865212
0.795805312664
0.806286787769
0.73149887463
0.831664700718
0.710195916533
0.78629401278
0.819353434491
0.822132993324
0.802483110915
0.810074710176
0.686380407055
0.759807895984
0.809899796841
0.767439036221
0.810522084174
0.772478586622
0.717713789029
0.758916872469
0.734597672976
0.734568606361
0.802919722027
0.727741044426
0.77221224919
0.759934184353
0.721035720367
0.708278663566
0.768942481638
0.721711238558
0.693983507763
0.774496139352
0.752512431995
0.755120397226
0.818023164049
0.727183249768
0.700351971621
0.822430403216
0.802705865923
0.904780435768
0.689961863319
0.878645695563
0.809234674102
0.703512078725
0.786187358766
0.735290303595
0.747639070898
0.751387394145
0.841838141654
0.788509297458
0.696924878407
0.659055944486
0.734260333913
0.655115112773
0.661788449509
0.78658461945
0.797654862628
0.699963860286
0.747213953544
0.765136135595
0.777595633781
0.777603593924
0.785257210609
0.835191908062
0.766668451549
0.798841718118
0.740381387698
0.77106476782
0.741767173599
0.795006730499
0.779196713211
0.791184814173
0.692453924763
0.797222253749
0.740236040957
0.709580981148
0.760856587973
0.720196257455
0.750120649539
0.815440250346
0.696173920099
0.803840717703
0.749652343696
0.637548126695
0.72981869227
0.756738189255
0.800075438551
0.802985481497
0.686195325417
0.914881946665
0.796718431776
0.823116499449
0.787605156879
0.687364246327
0.803408525298
0.769285127747
0.665774877308
0.771853157139
0.759712500172
0.825677287486
0.770261448673
0.842725125619
0.755897571181
0.759970261401
0.688816430682
0.800500851719
0.618036076713
0.707847735138
0.818220327605
0.771494200795
0.701056065113
0.877719082767
0.717522251578
0.802206395432
0.727513738152
0.733044189804
0.647407128088
0.858873137446
0.784956707617
0.791976470449
0.783197328024
0.81251528959
0.760314141378
0.699800890561
0.631464760964
0.664236492048
0.707588395628
0.802769022499
0.767089901818
0.741755419969
0.767280065247
0.738483636101
0.710613547563
0.74716812833
0.746075045988
0.798663803532
0.884916125426
0.751589169441
0.842940975114
0.734232818957
0.851918989725
0.834260519272
0.791476258987
0.787485719511
0.797685407935
0.735446869679
0.749337878895
0.777902359012
0.788909211172
0.780061565467
0.7850165388
0.837125122964
0.668806273674
0.771369213301
0.763624032526
0.711346386531
0.722690094518
0.725890712938
0.765093582345
0.805999513171
0.687379097009
0.746713854483
0.789848141575
0.776443625678
0.881118512578
0.781719577888
0.763115568364
0.732792548774
0.867694037173
0.739706585952
0.764298286923
0.792036628586
0.859135886824
0.752319735712
0.788132830287
0.811073247146
0.69108598674
0.749495550592
0.704089062537
0.828055014379
0.746123475228
0.758826523991
0.699249778952
0.746152652853
0.808259174944
0.776243772227
0.794575974841
0.802608491535
0.739961802257
0.830180422491
0.784475119007
0.817858384422
0.777225642587
0.799415008029
0.885806351087
0.854751556324
0.710001239038
0.871618166412
0.852384933163
0.816734926441
0.737528044787
0.714704941991
0.772020262856
0.793953811265
0.788723528093
0.709531966835
0.740356850513
0.825660617508
0.658839755694
0.688701217069
0.748283951921
0.753024676168
0.71627679592
0.873201223758
0.706779796774
0.717989966512
0.759767066924
0.762315032557
0.771257682932
0.676702658659
0.75160179942
0.692472820505
0.701999979084
0.711664833565
0.666994222396
0.721276142355
0.800768025297
0.759659126923
0.837745715747
0.73876629084
0.837224641439
0.808321307123
0.867747620429
0.743848595275
0.724274439602
0.734599604679
0.730252133163
0.655840635535
0.855446767262
0.753098731297
0.824700028376
0.731667416433
0.839822961112
0.741237245198
0.77583368355
0.760700788003
0.750031427097
0.809395474507
0.784348602532
0.714312464749
0.850762534447
0.825108726256
0.824536741209
0.768430276483
0.760260838678
0.764437672227
0.824295333666
0.748304730814
0.882535752652
0.782532652685
0.804188962301
0.800013767156
0.782025711431
0.728647137396
0.800328578373
0.783393156088
0.753081076024
0.739655464587
0.79590870797
0.812228225204
0.775410848623
0.754954747936
0.78147088857
0.877486111492
0.719410097348
0.682181854023
0.750122819681
0.725085501452
0.776905672958
0.781316113375
0.795015821977
0.769028977681
0.830000152775
0.767054792139
0.674335222874
0.695982312793
0.793764593851
0.792318587433
0.727088232771
0.716357942136
0.735531199416
0.828777445245
0.764036598649
0.801228988388
0.779807628792
0.803575217676
0.834427691789
0.773946711376
0.787326488888
0.795946370576
0.802965202221
0.744631799587
0.794470717034
0.716189938673
0.798517979228
0.802029807263
0.743197525283
0.734734707441
0.774848876302
0.817942351768
0.749463326645
0.665872578438
0.741525407606
0.76682614652
0.784377027034
0.729776958865
0.746273958016
0.798140338562
0.814359371053
0.760122727284
0.85097374246
0.641637087725
0.729035401536
0.780980686606
0.691326457288
0.795207311745
0.732245717494
0.763132062378
0.761228881635
0.800657083481
0.811128005748
0.748736588479
0.81944222335
0.708902383948
0.835385866666
0.798927455158
0.686049805908
0.867456771793
0.657820926863
0.744483091956
0.782880873441
0.709016759865
0.818508852347
0.764148584949
0.701518437169
0.802617619651
0.753412316159
0.745515646325
0.781742095989
0.66910497933
0.763159064484
0.799499467624
0.660504550098
0.731306681128
0.689030960395
0.779233315791
0.780773374569
0.879184177731
0.738647168207
0.714303837188
0.838011546111
0.726146684526
0.75284603817
0.805447765944
0.743391833818
0.788571692696
0.817339703146
0.694425809498
0.703028192748
0.671611594231
0.853037494022
0.852892787984
0.717241762984
0.69766028955
0.734909354075
0.776075818979
0.780118579523
0.807136928258
0.72481268021
0.751564812425
0.790550940239
0.768783335664
0.742423122575
0.787937706839
0.73917383498
0.679583588751
0.787191040004
0.84064931407
0.761219809529
0.72442099089
0.828814338745
0.733223058819
0.801868673648
0.659694028217
0.765527980669
0.707833102294
0.686160483789
0.730152781386
0.784231474189
0.728690272698
0.781083719191
0.77656898924
0.716191234734
0.673501388045
0.764004534923
0.727924723756
0.775038960828
0.775465110549
0.847568743814
0.780716556776
0.737659104962
0.811174585666
0.719909802083
0.804349623825
0.841618862816
0.81065392341
0.759308148305
0.667118037991
0.847149531499
0.7726211463
0.749631734036
0.70494783783
0.657281496038
0.707020435412
0.80930992151
0.883880827465
0.645132301083
0.79782270086
0.787766605345
0.705616302493
0.716272091889
0.770732216497
0.7427770279
0.821099703323
0.733366829265
0.769568448102
0.842616893637
0.739292601628
0.785619206908
0.680261309232
0.804284004725
0.781875824192
0.758256445607
0.77354519121
0.730320536877
0.764519183772
0.807336376307
0.702490813471
0.759738388673
0.777491027653
0.793702960618
0.845075874693
0.799913707786
0.831270702519
0.73400696101
0.813878680894
0.826145410606
0.751439460585
0.720228953401
0.805688851242
0.821986135126
0.817830902601
0.674516182128
0.772523544891
0.813001448749
0.703871694988
0.827603772879
0.748689859816
0.803039542529
0.733217863766
0.818684894654
0.723581962516
0.793026422215
0.819279046177
0.715706050411
0.825910382083
0.575702588243
0.795085448161
0.78795640188
0.751710780384
0.693442118349
0.888476024177
0.78904668164
0.764498147741
0.641221210643
0.663460068038
0.729576313342
0.821387890785
0.74733303731
0.786511154132
0.777061687391
0.737946802531
0.762366591986
0.618892232954
0.805423393133
0.723382916455
0.802486552335
0.895763422661
0.747089775307
0.703483202477
0.725160138153
0.840678384818
0.789372208695
0.740491247084
0.712313503558
0.873714867074
0.603333686583
0.728252160886
0.795562761956
0.845144667964
0.788086310908
0.741814592136
0.769543619366
0.78078137435
0.823489618783
0.767562125791
0.859016426524
0.758769867685
0.809821545702
0.733504882665
0.731016322916
0.716366962204
0.805429494507
0.768737447173
0.844042838232
0.688890979109
0.834697910549
0.797014568819
0.676718032037
0.768395533893
0.704678346758
0.732346375212
0.838091666691
0.810598487593
0.83435559041
0.772580510033
0.776255823874
0.76700341634
0.829022306797
0.774133066006
0.760538197034
0.766588702868
0.728444030452
0.743587141364
0.654861542637
0.723101440533
0.779937033572
0.736766910325
0.786505102281
0.754393846942
0.86619546486
0.745405527569
0.786686118191
0.908096013365
0.817167020603
0.651275900914
0.712686378992
0.759374156219
0.824918526163
0.761479927944
0.734399063423
0.781583094168
0.803696281869
0.739488671476
0.706634716828
0.656360809956
0.782385055905
0.826555308905
0.66159424012
0.896688632085
0.784227967649
0.833876582628
0.838206974244
0.723665698878
0.745745525188
0.797538104186
0.769155371175
0.732272658493
0.817280500136
0.679605437826
0.712615712043
0.840307640202
0.78091971177
0.631032850138
0.675155881698
0.811628086443
0.780298169518
0.772351999457
0.792514242307
0.787391910001
0.850315884316
0.811652987552
0.834739535877
0.84759423496
0.653710142851
0.763885293491
0.749763597802
0.78572305994
0.772625438108
0.802597773873
0.732671839527
0.738096230566
0.698254784512
0.746759350255
0.776182091797
0.760477515467
0.691242822326
0.682585802459
0.663298687832
0.741896706661
0.843630267549
0.860275334085
0.739514488751
0.828532175546
0.892270563361
0.72825258933
0.741891417116
0.725714930927
0.789147313832
0.848797400278
0.636385380038
0.730526890157
0.705704083115
0.767803165333
0.802173395971
0.676477848916
0.76509725959
0.882351848187
0.890543991742
0.816529836485
0.792568221965
0.873622436943
0.85216883718
0.771594196379
0.788556240924
0.730233805047
0.730309055303
0.834757410341
0.692953696786
0.68638400755
0.820175932364
0.890870092923
0.646283122155
0.649972036406
0.773595061726
0.778690191304
0.843979063068
0.641315275304
0.782971714818
0.688801874342
0.663552869411
0.540809148565
0.645753273738
0.682720591065
0.760378381347
0.761282871378
0.80276947415
0.7679362994
0.702612837723
0.842566108242
0.801854208305
0.791390018145
0.674810951585
0.810909605868
0.792150029744
0.690981796909
0.777468505258
0.783010330017
0.741404361808
0.72521959428
0.870610802958
0.797329504917
0.818459230307
0.792198701215
0.81173153126
0.783772897904
0.846718369918
0.801908952414
0.770698634344
0.78081175669
0.717942502736
0.835476529518
0.748906857944
0.842182004924
0.801985653603
0.80587826841
0.798712048061
0.852400962354
0.78006629663
0.715149397867
0.732773295903
0.785769626804
0.736407664264
0.755670638645
0.706131150273
0.754557264401
0.65246092846
0.774968344096
0.809504437222
0.825600192527
0.840422712217
0.755906821181
0.840401557951
0.778105479485
0.756016446681
0.742983259537
0.772020922819
0.797891165603
0.813780226305
0.74820728721
0.677876280837
0.703971067172
0.800706121857
0.770195819848
0.773309110249
0.797543159678
0.759188949494
0.818588756276
0.823772449549
0.788752873217
0.693662396146
0.738540577362
0.834026885808
0.775715188248
0.875858177144
0.797909416152
0.732798739957
0.782818508125
0.680630426508
0.737711733587
0.752308146377
0.773144680076
0.817442827868
0.767805431913
0.772116375579
0.795724247526
0.727254420166
0.73190079039
0.788964055045
0.798443443166
0.812952760588
0.811913047745
0.696317463829
0.734238893307
0.792584925414
0.751756263763
0.675789816891
0.80446123053
0.682544375498
0.732731429912
0.765423226423
0.818435402765
0.697581088318
0.798145819354
0.784440076769
0.769207981853
0.778779098997
0.768410576035
0.860429894892
0.741496619972
0.873283507697
0.714638573618
0.755376473343
0.851955608049
0.867301583959
0.756068824322
0.814620790793
0.779118428061
0.765135398179
0.883586404455
0.785359495341
0.79285306486
0.769992966974
0.74936974511
0.749686549188
0.732195822297
0.834926954695
0.741641111154
0.768126924807
0.845797331548
0.811686387077
0.885563871453
0.786977997977
0.744106754853
0.804885237254
0.815557227419
0.698701268312
0.800743593955
0.745529636483
0.793063716056
0.801482031485
0.75062551644
0.782973308019
0.717430509102
0.823570748115
0.762641672403
0.805052395477
0.714696933086
0.835157471521
0.852672962052
0.766427888502
0.669614465987
0.798788994099
0.862418521893
0.825777963686
0.754948348658
0.844972036946
0.759536002454
0.656981924739
0.744961199098
0.76168020986
0.83656031013
0.823507040325
0.721978081783
0.742583925409
0.813456122199
0.672693783618
0.781059783048
0.835070696079
0.765519173871
0.671423367542
0.716671420865
0.85623488246
0.766323659187
0.842279197278
0.735956485756
0.750874274593
0.790609981092
0.779089036279
0.770686044844
0.765806934475
0.751064871762
0.83312355707
0.909402964989
0.761839656755
0.8495849938
0.763893753463
0.737060264749
0.806431993981
0.873326417981
0.745054340912
0.831307901426
0.793948258672
0.627666264135
0.699509103796
0.702974507994
0.723044803328
0.739784616275
0.769581688334
0.781851877114
0.733557644225
0.810248827824
0.810778582515
0.850963430588
0.727183710042
0.849050995113
0.759680698085
0.832654418826
0.818489042249
0.822848552194
0.845269251858
0.733590931063
0.824840262761
0.824885014553
0.717760572415
0.707263141344
0.789875649275
0.769575342738
0.738035821104
0.757865964604
0.856887210284
0.751178666903
0.699290159513
0.785834393337
0.68001561645
0.80693539384
0.716029838827
0.856604529535
0.828692519162
0.788653425522
0.812466465479
0.761354197263
0.716995553507
0.719772627867
0.715420440515
0.79858242903
0.854558440692
0.790533329311
0.73963682999
0.78654589299
0.606762569092
0.886833081083
0.772801545749
0.804778865328
0.798249909512
0.848679245597
0.883881477535
0.759957773909
0.80032542605
0.740910622035
0.820468894582
0.694326455995
0.879726598698
0.82825918905
0.784138277003
0.819317795296
0.836129730061
0.724582978938
0.741924799874
0.635576005403
0.727628992642
0.763029657484
0.774766553795
0.7668356895
0.75142004799
0.740929029467
0.778177041589
0.74561361278
0.770467404185
0.645081763344
0.695053486143
0.824755833959
0.747460559056
0.70346309088
0.67317370542
0.820615933821
0.825124975572
0.730519247437
0.744518463469
0.710838858644
0.66036784746
0.772514307915
0.736696566144
0.773503085938
0.673868284931
0.86452322109
0.685250530813
0.754211387885
0.719784606126
0.765546452655
0.704813838568
0.712976803141
0.790759637371
0.867348003765
0.859521151257
0.829164278751
0.852282076425
0.780470890927
0.699080554543
0.672233945806
0.78900656889
0.665362026492
0.795075569439
0.679006354277
0.624103285183
0.795465688902
0.771545819808
0.673031823938
0.73198642779
0.851940224325
0.758609024622
0.789491310343
0.685763956432
0.764990497947
0.823521218821
0.825793534376
0.821141965758
0.855108228485
0.817762569139
0.641110386692
0.79248748506
0.879280207582
0.713257242757
0.654595680159
0.776298692719
0.77660782876
0.727450363625
0.754880504458
0.707927022246
0.786975072916
0.712077839472
0.750433950696
0.806403986329
0.744520281393
0.721381547411
0.806000825965
0.850314284163
0.792840082603
0.907037053051
0.806886173217
0.849299966543
0.780280152617
0.821784624503
0.762680743957
0.727579030909
0.76971230781
0.617140159224
0.785149577416
0.725350221159
0.755808480166
0.698629811686
0.735785530386
0.660393346038
0.766915063553
0.829320706438
0.729013481987
0.821284878637
0.848965145511
0.72439794864
0.784582528676
0.843629280632
0.808513792621
0.818192874053
0.742089294883
0.812909155219
0.883974493745
0.826040158593
0.740419362233
0.76166252645
0.776405438483
0.781692950089
0.656116449191
0.719786837489
0.837228605733
0.750778579463
0.836814870913
0.706251906451
0.692409776512
0.860576682201
0.803172332137
0.716338810893
0.772650200451
0.770423178446
0.860172668652
0.67376210529
0.77728817353
0.695528248697
0.825487577405
0.781474037909
0.760275103743
0.829743116003
0.736262018987
0.817999100485
0.637010235964
0.807324957555
0.800510541403
0.767876510275
0.673544837702
0.756793342137
0.73262472364
0.742719130389
0.732659587071
0.865283997862
0.773721058893
0.676184859978
0.73135179619
0.844591344276
0.730935623451
0.642674922587
0.853820100515
0.843211956134
0.795827653302
0.851110506747
0.770395584777
0.75092738109
0.71020101515
0.676813501843
0.715313923579
0.787569318588
0.842508150349
0.796601259907
0.706190922932
0.752978253234
0.765722600385
0.774317690895
0.737881647222
0.816345333818
0.773153043067
0.784500065537
0.805755613244
0.760008964026
0.814049022902
0.763726321796
0.7033033071
0.761624373624
0.692204078836
0.702119164751
0.789909156831
0.733043482313
0.613274919605
0.764911057269
0.720819370918
0.809215318651
0.722750049433
0.708212305868
0.722685087616
0.797805289072
0.772912555601
0.816730569331
0.791766534206
0.758394254724
0.679256455748
0.735245406246
0.702222130631
0.688247968471
0.658471082446
0.856713302636
0.842314998443
0.73939906621
0.739917541559
0.739722245968
0.732848933832
0.788401335145
0.840440756201
0.729421395371
0.731896795534
0.7995361309
0.680743861774
0.768861630773
0.73169337334
0.785371851045
0.831964698849
0.76476372949
0.814861307011
0.784215951223
0.77800504014
0.810894021602
0.808565444366
0.788969148978
0.80358521691
0.733715075313
0.861860339306
0.709071067044
0.82021460689
0.784331993452
0.686553125654
0.715302576907
0.815451311883
0.737546074
0.773090915545
0.853163882514
0.714967142643
0.835073277198
0.803613943613
0.833605101502
0.83589391946
0.766341837274
0.768948925223
0.758368468623
0.755247760828
0.714370416791
0.814230990817
0.793889443595
0.794663314343
0.795543317595
0.780108593283
0.734623504697
0.835338415436
0.793977350565
0.744498757191
0.731603994963
0.844119902878
0.786333923861
0.694441975427
0.857020734411
0.720120368121
0.827486185899
0.741087447817
0.730476570916
0.753040377367
0.729491913639
0.685404641569
0.708407075449
0.815019930654
0.735677951522
0.704164570809
0.77663047701
0.66066544993
0.793452777615
0.664534889827
0.791952339608
0.76238529224
0.709414654875
0.842013922143
0.723472809697
0.683630859115
0.801871308895
0.788848941397
0.684977824599
0.753777252677
0.68331437741
0.77301193941
0.773282151877
0.772393451716
0.788090437493
0.822339017653
0.733721779826
0.830515006129
0.806921345671
0.752699536145
0.772449155514
0.676296335655
0.66903487349
0.741045360217
0.814023645056
0.836354954512
0.763744609985
0.748791569666
0.699345505121
0.739447744331
0.70075145333
0.700071539422
0.779783027981
0.734378671665
0.830951724466
0.793128773398
0.770278007849
0.788902556792
0.704598805337
0.825629900207
0.703390246694
0.667847305826
0.8359900376
0.747755998249
0.764867587086
0.778972971959
0.632775247325
0.781625018327
0.815811448318
0.802202818763
0.703029177484
0.69967514412
0.828032654525
0.741772334137
0.791204270418
0.832207137718
0.720207251454
0.74901917953
0.807617583194
0.702427892495
0.799266525708
0.737584616631
0.862581234321
0.722755014099
0.807211825515
0.748105305109
0.767700042378
0.740623932522
0.745513649696
0.74648804426
0.763534273272
0.68788731735
0.807059827716
0.66672363119
0.779721628838
0.743234166413
0.785626398728
0.78549117117
0.766152381353
0.799563633061
0.837634735894
0.735196004904
0.800339962789
0.769059470589
0.867331677894
0.755663330455
0.737542213751
0.761678399929
0.748358746323
0.747983970704
0.831480800985
0.644722394668
0.717769449451
0.765039039399
0.693435578628
0.806249763532
0.807037616084
0.796940569402
0.868987662713
0.786119478949
0.850931265432
0.7392361203
0.817726680678
0.821829181377
0.694214607397
0.721126490042
0.741510331931
0.754970569596
0.765491242388
0.769204930034
0.741164339925
0.693713473236
0.699175543228
0.809080227926
0.833190041346
0.611973655692
0.767193244695
0.760877174582
0.792813052293
0.776465123103
0.75996994845
0.846993619574
0.770591537217
0.799755064384
0.745197923749
0.739493203122
0.640089650951
0.645599965416
0.720519961758
0.831438576031
0.772809431639
0.77023850086
0.761304420432
0.694330141797
0.800983464837
0.726078804771
0.866798235955
0.770488536323
0.709721046863
0.800142259378
0.711007981006
0.760205781955
0.796833013092
0.730060096496
0.830038707266
0.720917000054
0.709538253661
0.766938119014
0.721249078221
0.8044840896
0.806637332792
0.744058721016
0.774986140291
0.78605951086
0.832581835833
0.80383621101
0.801993941867
0.826878341806
0.754626715575
0.705075550466
0.770280644464
0.708073003871
0.719677861366
0.758640441689
0.782452873014
0.824733364979
0.774493315567
0.70375092362
0.759307035806
0.705088027
0.761836440045
0.695617817577
0.81373272316
0.779192716964
0.757298872881
0.801949864399
0.750566630944
0.756496132841
0.759363023605
0.696997903832
0.747950287009
0.69947241609
0.836612989235
0.76150164501
0.756236834126
0.776862423062
0.763962497745
0.742521186418
0.786646481732
0.800577286979
0.724253654564
0.676428722615
0.778913709454
0.914476157931
0.80527567927
0.790791647524
0.662255369551
0.874130888131
0.779941220205
0.921892154208
0.786674792556
0.705058977449
0.783166035801
0.784425100742
0.765642569494
0.898778121637
0.824137721431
0.813955918566
0.749366515859
0.711281878154
0.695812649379
0.753711146815
0.659958306213
0.839554523744
0.701013987861
