0.083471374732
0.199087918264
0.0608567026274
0.103930276715
0.319386134484
0.218582550286
0.0745512967697
0.125729506334
0.135019662797
0.0521213639774
0.091744939063
0.0212473035525
0.113546950369
0.0389500203708
0.0785123205291
0.144080958292
0.150234065066
0.128971359515
0.0147643160845
0.083619939228
0.250833083255
0.09279537328
0.0936838388349
0.0475465401018
0.303834991152
0.152415459959
0.181324706957
0.107168681116
0.056802878163
0.0942284489162
0.0226504021955
0.132575120639
0.0324698814029
0.11193970811
0.221641315264
0.168748621405
0.193972759674
0.0565756973854
0.0938474904464
0.0970673931628
0.0960059173824
0.138699375589
0.0611632377017
0.0339643491006
0.279404376637
0.203370979975
0.0667964760165
0.206328865648
0.0965192008927
0.121399514943
0.0549281089433
0.0892673495582
0.0841299694385
0.0965540833739
0.052135058552
0.183014590778
0.101129877034
0.148793688186
0.117902739833
0.0915524236828
0.0816528968104
0.0764199992387
0.104954715198
0.324636099197
0.0914283790879
0.0808992325089
0.221316476406
0.0439956456673
0.175349807593
0.0538659962723
0.0891037879051
0.0461225661153
0.127199453885
0.130737976555
0.1882209183
0.223718431383
0.15308010999
0.122156624745
0.0682825263982
0.0186784012437
0.254047593171
0.159471176617
0.281175252098
0.135082325966
0.103599991346
0.127063608773
0.0785094602524
0.115928929877
0.105842434668
0.0555565752329
0.0938393987233
0.0896146593904
0.133652839534
0.262439264601
0.0351734894285
0.132923552359
0.172096731301
0.169376441503
0.167428235915
0.100186238381
0.122992049965
0.253882368873
0.0933741356512
0.195117050392
0.028339996743
0.227997579538
0.0647505653587
0.259494511638
0.00987460091616
0.202315729067
0.060831931805
0.0957923270334
0.0942362404492
0.146108747334
0.0575105185487
0.0228235864646
0.183571578466
0.0915023485405
0.0955706618234
0.117226057155
0.141943624517
0.0724270965135
0.111509108251
0.101311748911
0.156031480909
0.192168060374
0.106562531935
0.246454744774
0.0925385586307
0.204026013961
0.043493830383
0.0479819760214
0.0429293968876
0.205790175259
0.295675615455
0.145180395134
0.123652706973
0.0853651440125
0.0486143274021
0.0889288355442
0.249307510288
0.0298786240903
0.0543191320023
0.035515871313
0.109073062317
0.128294598169
0.101518117764
0.0809361154012
0.150843447158
0.0737443123331
0.129427655016
0.396383543055
0.206131629788
0.111320627289
0.113409852886
0.0397145717047
0.151449826337
0.0436703071178
0.130228149755
0.165860624578
0.285896666831
0.0346869908839
0.159862432708
0.1189872727
0.104039646487
0.067532119836
0.0549084136944
0.0780492078588
0.0758030354231
0.142640426295
0.0399690478119
0.12720515862
0.150834042859
0.1635108512
0.0291330746682
0.0743722858145
0.159881791763
0.101901681202
0.127254811882
0.108216734544
0.0828192728983
0.156731044657
0.158286121501
0.0574727138128
0.279591471324
0.159216831933
0.139395845489
0.164401246501
0.195564295707
0.139093224242
0.149406667187
0.0996476549087
0.178076009305
0.0717947711569
0.0887993853686
0.143612013525
0.11217621761
0.0869757625839
0.0818561325194
0.121311254228
0.183216360886
0.153707832766
0.324474971327
0.122937090162
0.138215240587
0.185135094471
0.161144029595
0.114934853527
0.0862285287287
0.0824319270471
0.108950828597
0.199614903956
0.15426735147
0.113856317084
0.075006538134
0.0495175921493
0.244331677674
0.0558449507834
0.080660169121
0.276491700761
0.0709466519528
0.105692899455
0.0924697739642
0.0338598094409
0.0870499447324
0.150937829802
0.10739527857
0.256771134705
0.143054797189
0.215971627026
0.335558643276
0.0649915652057
0.190488492104
0.14606436507
0.105462529773
0.0856291242625
0.0393284129454
0.104926266717
0.0635377218158
0.109500340092
0.178683788021
0.110623301184
0.374213393269
0.152681358944
0.0959442120847
0.186535582976
0.0787263103952
0.118726125644
0.134704221593
0.132244625206
0.11402870663
0.1011629718
0.053786195282
0.0618901143878
0.127087124884
0.0926167187261
0.103592278524
0.270850021122
0.133689308523
0.171458358563
0.128281068515
0.115915374438
0.0520206122922
0.151190629265
0.101192547473
0.0400642888633
0.0867831956419
0.0702541652427
0.0232310822422
0.0419326845534
0.0703289051281
0.0339994421814
0.0416741826084
0.153433910765
0.267029080522
0.0887311714611
0.0915761023337
0.128025623004
0.225846648511
0.179336492552
0.237289777863
0.168116997217
0.0651884496259
0.122480988354
0.0859844894695
0.203472167091
0.0382429405885
0.230932802996
0.124018095462
0.0885386279957
0.145487998767
0.0743854321673
0.0525681947985
0.211186886747
0.164652147262
0.0997378994851
0.337240523108
0.143018900391
0.0685679497925
0.27496451014
0.14493144645
0.119341860355
0.0368524650398
0.186117812244
0.0984881407786
0.126945205471
0.07948570128
0.102479838457
0.079217143392
0.078513918587
0.195467862943
0.216226150749
0.0758759703578
0.229125823507
0.104648028378
0.04972965755
0.0440130662049
0.0815157313008
0.205085310386
0.174894315902
0.140148027164
0.166915180897
0.0911805491886
0.120364642541
0.0754331457064
0.0690215322884
0.134127827661
0.199045103255
0.13404431171
0.152422365139
0.176747949315
0.143531451596
0.0937026045998
0.139479404869
0.178476908814
0.206117861828
0.0915321699872
0.113704725689
0.143186963405
0.106823142432
0.186190406872
0.126580974222
0.140968231901
0.325138205103
0.166916361996
0.232528220019
0.0130829473419
0.0399681587056
0.145343519569
0.0465576760383
0.419981231514
0.0535165196161
0.207635851871
0.161656625641
0.164837281997
0.101729962124
0.113920470122
0.231074255077
0.0426213551007
0.0869738991052
0.0751018756964
0.0994495389842
0.211679647272
0.173380145513
0.0494409091988
0.0915872215035
0.0620024775527
0.076634240457
0.104118783441
0.0769954488046
0.0389699972026
0.126356695512
0.175545682355
0.0773543757676
0.352728653975
0.133885152477
0.224250890209
0.132274778612
0.14269616272
0.158639286505
0.253463452583
0.269017595536
0.150111323831
0.116931021632
0.168409338119
0.10474927272
0.201753847182
0.038519512174
0.135385632959
0.208668887198
0.103423105886
0.0639474716968
0.119589847674
0.0801885142386
0.140317577151
0.239656698249
0.0990695914714
0.151033900427
0.0985661692121
0.100479616601
0.254579501648
0.0798470120563
0.162567423773
0.101300063624
0.0509026743532
0.0364381182977
0.12783400928
0.121138253288
0.0619243495828
0.142913351676
0.109646019513
0.251389524125
0.0385373912571
0.34814393547
0.207116854163
0.10758859108
0.126070224466
0.0596674039859
0.0526924135076
0.174146593171
0.113714350231
0.0874276252729
0.0355644642436
0.148069498338
0.0888768245035
0.0889621617242
0.157056122
0.114523817522
0.184164368867
0.0652530147111
0.013420916379
0.151219506756
0.0622427501353
0.041757321268
0.0455708122821
0.0165231346196
0.13826574402
0.109511819542
0.0519709868061
0.109953308736
0.156869374725
0.195919521149
0.211881919288
0.226915469106
0.105928264196
0.0995146695051
0.103400853977
0.21676392795
0.0262074513425
0.172795535482
0.183749327015
0.17164634434
0.150629075744
0.127281986951
0.152096502231
0.0992344701393
0.130262186519
0.215536587463
0.172223762049
0.327219539101
0.280094484613
0.143575635412
0.0542988530169
0.18928742577
0.165573973069
0.234321113183
0.164147324759
0.0405438369252
0.250970314083
0.12165374203
0.10746623044
0.0775482322708
0.0874671207394
0.0650494287878
0.274595510612
0.0759735187355
0.0736223543141
0.111380644071
0.0292163802076
0.121254452976
0.0945488297198
0.0752992870134
0.0553485498359
0.169068481774
0.0925486918169
0.0783667646411
0.0977665662016
0.218429498221
0.123007021001
0.0750438367577
0.186960428285
0.0536136377677
0.0219438132226
0.0828392909417
0.0585528439354
0.117142661807
0.227656880165
0.0806098590932
0.0827995474882
0.0328936591456
0.0820152374146
0.24071955924
0.0982865118984
0.141047121985
0.124440780144
0.0819961116682
0.0593460096153
0.0887285364949
0.0781839465968
0.0559389389084
0.0644142460298
0.158303834287
0.0467808263304
0.22356191424
0.133431274979
0.0637024885985
0.109706405726
0.0621026888321
0.178598554664
0.0398687465998
0.0853305537336
0.116216615768
0.342692297465
0.0902945709928
0.0603518435706
0.0516514774529
0.05303979278
0.080763487254
0.102182582232
0.143924974875
0.0544728393888
0.234358774578
0.286841664888
0.147658135359
0.348165834418
0.088823137497
0.126795988681
0.335649886629
0.115070325548
0.0537617787438
0.0904384546527
0.0263948925607
0.0845524304305
0.142414499226
0.252825340513
0.0691860229278
0.238745516037
0.19708022258
0.230134388196
0.0819408354461
0.0813429131199
0.0853583890088
0.0527082330856
0.203300123348
0.210658443619
0.0558578366993
0.0760659190856
0.096366826565
0.219903088278
0.149629177473
0.178431502446
0.248799159003
0.0684746789445
0.15339786593
0.10092856498
0.119603891957
0.0654835279784
0.114544748365
0.222974296237
0.222366898645
0.115642663429
0.0196051274827
0.103694641193
0.0906852441363
0.164610643581
0.187495438813
0.239104388675
0.0733021356134
0.0691605561308
0.0254600638007
0.150384696897
0.108976825631
0.180371024722
0.109582104252
0.0844906317889
0.100913805631
0.138118627929
0.108502185943
0.111385913397
0.0286966246156
0.0483719506627
0.0644038141081
0.136299752928
0.124908849806
0.058079905885
0.267049774879
0.0186690085628
0.132213290025
0.0979276318415
0.0571334915195
0.208135450322
0.0753575182849
0.130603779193
0.363984204995
0.183479455938
0.122589840655
0.0254765560403
0.0297113551809
0.136662058083
0.104683851614
0.0275309657251
0.101913645911
0.0805128673749
0.104210661822
0.0767715033036
0.224663398696
0.14337635532
0.207587678583
0.0401356975135
0.0233996002106
0.164360696604
0.210439693284
0.119285182278
0.0564471003886
0.0727025316878
0.0584165627754
0.110546542385
0.095950900678
0.120403609961
0.251375732957
0.0460044486781
0.211700721683
0.0740928486846
0.171135173429
0.0615205812558
0.194036499639
0.0786412499489
0.234844911273
0.250049003644
0.240375620226
0.216723979808
0.0493115051504
0.0791197903994
0.184106289959
0.0495958150337
0.164400258429
0.118211924121
0.0931250659365
0.15602214495
0.125955366848
0.100195277041
0.322447685858
0.120200538531
0.227352885682
0.207491063369
0.128164310802
0.215509863654
0.115923394785
0.140609848727
0.0431202270283
0.0544798883274
0.362609445508
0.101558724033
0.246543376785
0.0457845752971
0.183915415331
0.18251869418
0.0435906807368
0.166797456061
0.077103657018
0.165879301437
0.0431173788437
0.145485479168
0.0466947561718
0.204888353375
0.112023716318
0.135599735279
0.162616503564
0.0408029443244
0.125859263933
0.159532296397
0.0364017394834
0.0681207327052
0.0810228904417
0.0544000690184
0.121772602708
0.098380056473
0.0990902687179
0.147619735106
0.217962141435
0.234599729668
0.156660847274
0.0543800623436
0.0517761024794
0.0798167723159
0.277680432419
0.190040760612
0.105312821156
0.186945767885
0.0843225704841
0.065353798868
0.0444771495652
0.167096986102
0.0844827430901
0.164101315122
0.180508449522
0.113572387259
0.093435467272
0.0626965808229
0.0368478043788
0.213835860865
0.135354235267
0.0301847515782
0.283634248563
0.127938415866
0.115056068602
0.0854701713772
0.039615654018
0.221369001049
0.128098537096
0.209120457581
0.061033717421
0.052480532367
0.0304702754394
0.0660279866291
0.133336457561
0.193203213616
0.230239058463
0.187298512735
0.13781447096
0.135418739177
0.0855972145041
0.271725062255
0.28863674347
0.219329360861
0.391565024688
0.0972173422238
0.11379436205
0.0265621568907
0.108897954353
0.159041641028
0.246046848737
0.160320020964
0.0858532958749
0.295804438878
0.118267987809
0.0293465055027
0.0480763347257
0.0893630935895
0.0649286886122
0.0532763579729
0.0141517677426
0.140072100429
0.217370889232
0.302992816011
0.179495068257
0.109680619065
0.141844968602
0.0859257914286
0.379700666182
0.0558965073916
0.119702007581
0.129408849075
0.0683462257123
0.25616867419
0.12711983339
0.158595985985
0.134331697525
0.22577071016
0.134607142644
0.113715727603
0.0946596448443
0.222971716312
0.0867907075895
0.131680717685
0.0905463836493
0.233938668185
0.0647891797213
0.207053426073
0.0793601768499
0.211606708788
0.165960759352
0.136382621368
0.0655628592647
0.0576724181853
0.170416231181
0.254656017518
0.205508787945
0.177416888064
0.2349268341
0.0887222484756
0.135257633248
0.0203107716287
0.343422438123
0.047249476224
0.0826115459993
0.46175961146
0.318714329232
0.135075371991
0.200601546285
0.0206506299744
0.167160592224
0.0967709103679
0.147713764936
0.0498775788825
0.130702182742
0.106841008761
0.209208935231
0.253300410218
0.149237598096
0.244694755841
0.0824420755705
0.113043952498
0.182975026982
0.0622951906255
0.162499833536
0.0778288378138
0.193523073715
0.176612756122
0.0456906131258
0.0867600863172
0.294931471792
0.152587768788
0.152049526699
0.221341030381
0.170000351033
0.267595437905
0.0427416651435
0.178777607255
0.154613553967
0.0754454467604
0.11180917191
0.0906828250788
0.143426398798
0.0992572551442
0.106640158022
0.0633484681823
0.101546525312
0.0531626194305
0.099802843557
0.106745415375
0.0197551810422
0.174640387379
0.0803795861303
0.113533449512
0.106977883385
0.0866310630896
0.134116053899
0.0352496664262
0.0526898699956
0.114062502909
0.257748836248
0.087199723556
0.110519758372
0.134561002111
0.213622440418
0.0867051126301
0.110081587215
0.0954148583226
0.132391703684
0.103302749803
0.0556583061413
0.0775144788959
0.184449324126
0.125937392552
0.134870199078
0.117184785376
0.181063655353
0.0721451332363
0.0878368474472
0.0950313794736
0.1528953065
0.0601513249501
0.140128732165
0.271444783695
0.114963185266
0.0857767811443
0.0897739817197
0.19151610136
0.120090918571
0.108110565188
0.0823580192005
0.121556024991
0.107124445349
0.0192629883343
0.128852929019
0.113513836492
0.101031820706
0.032182506624
0.143658137556
0.0160523284838
0.118202836691
0.0972558594673
0.193955073671
0.285003884984
0.139367245937
0.0814842106073
0.0586332406853
0.167935284402
0.0830380173012
0.224465963534
0.0504997392559
0.201018674161
0.133538564958
0.143545275523
0.0502032784175
0.0733413346682
0.102888692453
0.0780557826958
0.1071030617
0.202826318436
0.131955699425
0.237617830069
0.146230654917
0.0428477817868
0.0851288967574
0.124018785672
0.034594642703
0.243218902074
0.123675701952
0.136803769402
0.067336207118
0.132263022798
0.128550598086
0.170361158065
0.0606246628585
0.149414206923
0.035127124133
0.167582646457
0.115688921229
0.0457068806723
0.164177566498
0.082997848452
0.140326929665
0.191629253483
0.177644139655
0.225415371338
0.171045328899
0.00776019103555
0.0722891294047
0.131932169086
0.11987331356
0.195637234916
0.252042339124
0.184119473458
0.0923645364161
0.056229537464
0.0516114140853
0.0880660855733
0.0656729390332
0.140262354253
0.0924889164351
0.137212331755
0.431473588386
0.0672930207266
0.208638825156
0.234750407816
0.0840905909996
0.495233865104
0.133176117977
0.108127566911
0.103689751357
0.104045783486
0.083942428132
0.0980195554694
0.0773446457426
0.112859759952
0.44028889921
0.0987637063923
0.090079044833
0.329700679074
0.0598743845234
0.0218071918093
0.135617832987
0.349593569245
0.105251081353
0.130578810369
0.0743905683019
0.366669294339
0.270738610782
0.0583410779351
0.0555627772229
0.111391071216
0.190141250725
0.067571313483
0.0309580337452
0.0503732519708
0.180030874511
0.407247233206
0.0777053056046
0.0597786852486
0.149623402303
0.080042982599
0.145421083728
0.151794587018
0.100859818629
0.0972903221983
0.105377443601
0.0784528475063
0.136231829698
0.0709279273334
0.123439151474
0.0944219000663
0.122703258864
0.181814139175
0.14375376386
0.116452791274
0.0347363015263
0.123370105752
0.140617241483
0.0492791116718
0.0413458857602
0.139022054617
0.0839207504104
0.108785830955
0.120996016534
0.11052032745
0.161758180869
0.134146143867
0.214633551292
0.168583696272
0.172156786814
0.0878640910829
0.080747567741
0.1777646123
0.121627693508
0.069173565314
0.133589677349
0.0756324924512
0.187030095057
0.103428702606
0.22029627988
0.164902227055
0.0620029455237
0.0830711758406
0.0515422864741
0.0520264690704
0.120991095429
0.0705028834334
0.167548891721
0.1019306181
0.108740306907
0.190581317391
0.186505779036
0.0880771120301
0.237103369973
0.0505125268375
0.05226236014
0.280440612854
0.198839738068
0.0499949795954
0.130064730937
0.149744791653
0.0523872800024
0.0519467594578
0.0348258953732
0.0411242987481
0.0525028013968
0.111756145074
0.07668333015
0.0698909377791
0.355440543716
0.0280729781491
0.089458091552
0.20877506247
0.0713635141103
0.133715376513
0.270410172091
0.121002322588
0.0675030919545
0.125126413207
0.150363405251
0.06731026134
0.132706598379
0.121548234378
0.0725226393149
0.218752606004
0.382457076014
0.195911971838
0.140305730566
0.113805090105
0.0795833499437
0.512172231676
0.0994708382665
0.138442489591
0.0895926796394
0.182993808201
0.343086993594
0.0487823159786
0.0515546710496
0.15933523265
0.0917161967097
0.105312501586
0.182763019386
0.0883407744129
0.0512033190657
0.100847932131
0.0750042720895
0.0890375250984
0.124298554108
0.0787331287121
0.103893335527
0.149589212612
0.246482229927
0.211860706287
0.10215393014
0.108151452204
0.220127326418
0.245086589063
0.159323191632
0.0287656144467
0.038883783179
0.143169244924
0.0780362708094
0.110651677603
0.229755412576
0.136627041243
0.17900251301
0.0930184946791
0.0878028033249
0.21825757783
0.1214259511
0.181571559797
0.193237018906
0.0980235389574
0.0594462099273
0.106928388735
0.10110666136
0.0565289351904
0.166314432733
0.070216345528
0.26543005277
0.181922176055
0.167306065226
0.0832652498866
0.153930331109
0.0919934709293
0.0454066269896
0.165620968124
0.0643551663117
0.216377539523
0.145758139896
0.0731055474192
0.0566947503971
0.183217248957
0.120843521643
0.12829796597
0.0552025458636
0.117938239875
0.140707198006
0.289009286583
0.0598152545965
0.0114920188942
0.0516383640478
0.13610451343
0.224438361699
0.169923924812
0.31346471929
0.06895038199
0.316701993965
0.150854382483
0.0630723523212
0.290747198743
0.103366324432
0.0843776516949
0.0631068641224
0.189325148986
0.0434463441706
0.213207421759
0.116664727439
0.0745885957346
0.0967019321122
0.14640088882
0.104332557734
0.0906280466996
0.10855798796
0.210534167399
0.0844612713868
0.0792650811563
0.115200185801
0.206548849628
0.061167215465
0.187931269895
0.0704147206638
0.124699477426
0.298696054822
0.189291014358
0.0775191162229
0.24590941501
0.115817212486
0.0655513931834
0.173951530465
0.164690981534
0.0809161539949
0.16475270649
0.28699705528
0.057365451249
0.065853087035
0.16797019874
0.104996977163
0.114819329119
0.0296074624566
0.212737842197
0.1305630963
0.110545594107
0.0364314605243
0.238906260684
0.295212557749
0.140300199824
0.131858352032
0.169458001479
0.139408721136
0.118966394507
0.0750805238605
0.149441001515
0.273890842796
0.206393346232
0.195611063842
0.156612230957
0.241162096231
0.221018096021
0.155440597346
0.269341581456
0.144607535224
0.13441729882
0.202947760137
0.140361543114
0.0950841339468
0.223079129823
0.05282970483
0.113834573551
0.19051976949
0.0327710294418
0.0534983197192
0.139624901811
0.142001519895
0.202093156836
0.296518261232
0.106741528378
0.0579751788151
0.128724342424
0.241159726624
0.11236234501
0.11049522755
0.154250750044
0.203924940924
0.159784029258
0.241728888806
0.0189352971354
0.133776253108
0.0323429908576
0.0916845284739
0.134550876399
0.121127609314
0.0575476096341
0.114246678949
0.268042594692
0.0472363577653
0.122800872829
0.0507431018994
0.110789206284
0.131996595849
0.0612503470857
0.0770283625962
0.112232414639
0.0512217365834
0.141558228508
0.152549225125
0.148188679229
0.224510639531
0.071580583811
0.199508135967
0.162635332923
0.229056449395
0.195955229012
0.0846838755964
0.0724707642532
0.11992260532
0.187855190475
0.119093824693
0.109145559055
0.082854528724
0.112103620651
0.2151798545
0.116869141422
0.126757471176
0.152053148675
0.0663981434982
0.116174256466
0.279223616703
0.0974040595093
0.106197062667
0.151032276071
0.100635852818
0.0990226842968
0.0234880516383
0.163858412905
0.00720209215165
0.13959667204
0.0874246789658
0.222072630277
0.148188472696
0.0831597228061
0.0314565140929
0.104808705877
0.204218392339
0.128795191424
0.127976561941
0.0182252136946
0.161957030524
0.134722033091
0.115900013682
0.112759863271
0.341413697153
0.121902176036
0.0735615961249
0.201432064058
0.222391878578
0.132639647229
0.276771246382
0.155478998248
0.0660419530713
0.317484761868
0.171309446435
0.0419512383514
0.0518104215658
0.180379987091
0.0720686329203
0.0963627802501
0.110221602439
0.171781366819
0.30294825364
0.0980429669014
0.09903460986
0.0169435293301
0.0339116636681
0.0964376492965
0.0720329394248
0.4047076546
0.197009788435
0.204896394351
0.0446671929462
0.137450173825
0.234614826245
0.0334827711836
0.0690545457933
0.394224697342
0.0736083229458
0.198791408328
0.0274706274628
0.0593682039096
0.254561041838
0.0818389687738
0.118039033723
0.150020746387
0.214691830268
0.0729303160837
0.179846350612
0.27558623556
0.21254556588
0.092355796274
0.0858849408648
0.112475435748
0.105528969897
0.084455660305
0.0406759839024
0.208937088257
0.116141551146
0.0991457389212
0.0217368862947
0.0389265413071
0.0998016380543
0.15302140166
0.363289089028
0.0984364645489
0.118811657113
0.294519098358
0.158004402957
0.0613146711326
0.0612313105983
0.0652178137002
0.207843895024
0.184521066893
0.284730272797
0.238145148552
0.402341449395
0.0733675207972
0.159227299406
0.126976321054
0.139294473496
0.0781371266665
0.115529323946
0.0658051485345
0.0738666552388
0.27406976645
0.0168659706214
0.0664586581821
0.192262264687
0.162062526595
0.136870785505
0.0444944332208
0.105818071757
0.0901946347399
0.169486694504
0.167608089467
0.186086751206
0.122970866472
0.0965281914469
0.139657071737
0.0132245967547
0.212710373935
0.143152235941
0.329160557859
0.144827367936
0.0415228632167
0.103895150826
0.231078435491
0.0743903741323
0.0263944553021
0.079608644477
0.0231892604051
0.189185635609
0.147231286718
0.101548527433
0.216660669169
0.167293465513
0.238537191111
0.0545884542911
0.0267876331093
0.0570592053976
0.125274292834
0.13493647134
0.188847451775
0.110523951317
0.0816000184297
0.238821879082
0.0908046056663
0.0853756483519
0.0815648591475
0.137610242445
0.123762734037
0.100304100473
0.0615893617381
0.0973813074145
0.105465644115
0.0706634532683
0.130473684675
0.0488461941267
0.0515709287945
0.112881808794
0.118576075287
0.0949577361565
0.0822674656292
0.09677828298
0.172965401542
0.0685151984408
0.283786959067
0.271948712426
0.0828854357592
0.0777614691992
0.239489236307
0.0883552026711
0.156287245204
0.060763671779
0.0940685138705
0.0509993597914
0.249858617628
0.171949510977
0.228064315703
0.119009410272
0.112682268669
0.0473462670327
0.0615750079397
0.154399845715
0.127655420887
0.0846980229384
0.270755739376
0.126547377074
0.107733849277
0.107697853971
0.0603296740642
0.125778879301
0.11846156462
0.0164214710714
0.0835757200437
0.139718756274
0.255954171231
0.128224110244
0.0721113357322
0.262983873184
0.0696127963467
0.136396224193
0.0940700280779
0.108259668846
0.0641165843373
0.180734782481
0.23583765709
0.224714676014
0.0989286542164
0.221439375119
0.0918790243849
0.132585644458
0.123923418193
0.0537012468547
0.0842397189784
0.102303409692
0.279291996549
0.113854751404
0.0922926501858
0.0512361812677
0.203505986666
0.134303083003
0.443988809579
0.0664744214615
0.0817921192291
0.065498987546
0.100544110138
0.138168202435
0.108280818132
0.0383441461426
0.0372171203078
0.0532734915997
0.265821063721
0.0978918740866
0.0982944277511
0.146033938418
0.0702974447988
0.119049239425
0.0797361735777
0.0881775441183
0.0732050338659
0.120187197567
0.122131045391
0.0550966066353
0.168801626067
0.061457791706
0.0767110767524
0.0512716322441
0.0929426173142
0.199146529573
0.0656343627038
0.11727524497
0.0920156654366
0.348689727164
0.102829712717
0.173318809558
0.0705405530497
0.105260791028
0.219108352011
0.156597047062
0.0606160848515
0.104818763575
0.167065248726
0.0599277118815
0.113617539739
0.0895990532061
0.192836005425
0.0702217085101
0.108955222362
0.156747887532
0.154396731253
0.13829712048
0.0223033119303
0.0748609941664
0.0869704545353
0.0629137488448
0.0632206789576
0.097094067299
0.0401884146469
0.0394599623724
0.127226778653
0.062858856431
0.149880717568
0.133316875433
0.272210711345
0.097470053427
0.157177623027
0.0356947302324
0.0591361652448
0.144734462909
0.0743394246624
0.0559012354345
0.0611946939939
0.0631532628342
0.0691959209271
0.140432002647
0.0932493856282
0.142327899915
0.165241443679
0.0544910983949
0.149692638463
0.0652910976809
0.0734569632731
0.176922284019
0.172225215492
0.189700484417
0.0989291107295
0.114188748685
0.0973973389951
0.219951907218
0.106156780896
0.165115596284
0.0819545281066
0.125884739979
0.230606019444
0.180626141236
0.124975546327
0.223150759593
0.0309125367139
0.114594704892
0.00619489601784
0.0422495676555
0.165982235189
0.138016574729
0.0262029875585
0.0545529092166
0.241177415564
0.160646582404
0.205483748994
0.141242429287
0.185096059185
0.174605363631
0.203658323612
0.0561112035337
0.364058465646
0.0666058198404
0.158105847079
0.373305135207
0.070728185238
0.122980819476
0.0387026941741
0.138979059644
0.149009810497
0.122021419661
0.0819186728492
0.119781558895
0.233972909239
0.0708496824362
0.065800353763
0.24597557135
0.0877732017471
0.00717350678232
0.121243832633
0.10393549671
0.152931657556
0.135783953844
0.142581951704
0.0580902842198
0.214176587643
0.0908722400308
0.082048820099
0.052733589028
0.114786486677
0.0768029992853
0.314624987306
0.129309656792
0.158303815431
0.106743439402
0.0921598648356
0.403912620811
0.18912790124
0.0496388736544
0.190166798118
0.101466582936
0.0862378332868
0.0576047502345
0.0928332228954
0.0937105322471
0.116366012893
0.0255609641086
0.0168358754226
0.111927306347
0.0859815617303
0.155561553147
0.167628201535
0.189298603717
0.101976256585
0.096731848847
0.0478521120778
0.122395864025
0.204396239472
0.107073008078
0.183330755884
0.132050468103
0.150850054932
0.206153709837
0.177694779691
0.0963915834464
0.207830930881
0.0317054754991
0.0753254986303
0.314964673994
0.060784944365
0.058486959465
0.162475877355
0.141186726931
0.165618984189
0.0527547395043
0.0616269571636
0.0515830833083
0.0587368081513
0.174180349169
0.348443943343
0.169680659246
0.194400230132
0.137460322119
0.0152982680576
0.0905526876407
0.278151535491
0.045146156724
0.0419160051722
0.125442866158
0.0468636992242
0.0577991096781
0.10648026543
0.10045763275
0.30148760614
0.0685986341705
0.22757292778
0.142852889264
0.0994643759895
0.0987713128826
0.159660782359
0.110966905916
0.0462221039609
0.0479783731375
0.0881616243677
0.112322648099
0.133848166187
0.203341459962
0.148165239937
0.0558760076979
0.125915609991
0.0681500581468
0.0417456437514
0.233020690613
0.0746779940286
0.212602413569
0.0746156897135
0.18873578701
0.147122538192
0.11489311676
0.180922162408
0.123291847543
0.0847192779808
0.183423450667
0.148373994311
0.271245743805
0.0919014879593
0.0310671399801
0.115278566953
0.0511025431482
0.149487291263
0.147690012947
0.113980131002
0.135366190063
0.218235049809
0.0662285716242
0.112613902314
0.191380737756
0.036234936958
0.136541828749
0.168753948461
0.259085555094
0.0964136487536
0.12823985833
0.104623899255
0.155861295723
0.132954274127
0.0531067499469
0.169240410769
0.161773190501
0.189680606428
0.0724698520297
0.264482404252
0.0595111978292
0.111180547717
0.10662363198
0.0969768478547
0.196500478249
0.301929270487
0.115219299637
0.350382000015
0.0995711394753
0.0806520906257
0.11489098824
0.157973134855
0.183087872663
0.0443060493275
0.394950058184
0.0568607604885
0.0434827594565
0.13793916542
0.231937692661
0.054012154975
0.0563616275818
0.0291510828837
0.15719514508
0.0974713853662
0.143781343736
0.104047701595
0.228073243611
0.224026028573
0.190810149881
0.158690585876
0.0851225342527
0.151463841565
0.159920690104
0.16854361424
0.0879486454345
0.198444863657
0.139786756692
0.0981750296637
0.147760467931
0.110175069967
0.194504738366
0.141841602714
0.133822677973
0.220993470531
0.115561647214
0.122743699509
0.111598578916
0.201809091358
0.144621840083
0.0382218353889
0.17599589062
0.0955364489837
0.337564189486
0.0892670506584
0.230501884778
0.195351795687
0.124992315263
0.192357107596
0.182505487306
0.149292679074
0.336430814302
0.264697814033
0.0593677128637
0.175127659143
0.192786021607
0.200490049466
0.218509624643
0.16323658409
0.14411944041
0.287882631831
0.0873821108639
0.10885619287
0.0604575763258
0.103139296978
0.161594477719
0.0743216809386
0.0633866346006
0.0829942700465
0.0927941004398
0.25467261601
0.363976566207
0.147360972185
0.244045348678
0.0617713790798
0.162165755202
0.0993296367747
0.0791951635127
0.256276462385
0.28307215426
0.184174795269
0.307638684166
0.0952465437233
0.219251450727
0.102893804467
0.0983512227637
0.0366678464402
0.0661497669141
0.0210363379271
0.0480161123971
0.078076510194
0.0728558076971
0.0343020605753
0.18893339594
0.101614312349
0.209106635833
0.0390522281011
0.0968966819891
0.121798610706
0.0303474207261
0.0226958720787
0.0722389264104
0.121195875779
0.127534003535
0.249336671652
0.0649276927248
0.266709704562
0.202993270564
0.040507750268
0.0786801091854
0.113752751379
0.139289837671
0.105531664566
0.0853189352539
0.0650738624331
0.0332082276498
0.135813172386
0.190472187739
0.125279094178
0.281056636416
0.292307828247
0.196655558338
0.121343511774
0.0956374537068
0.33765635696
0.255854171979
0.240667546487
0.110725805521
0.286880288907
0.0878385827996
0.0823692848039
0.0911599988874
0.0981516861083
0.0679958232608
0.0847643370241
0.240941694872
0.0568310979358
0.220921723283
0.0786152189366
0.0325942132355
0.147418721778
0.0475958257876
0.120562058707
0.0503258647461
0.195858023344
0.0383220929876
0.0600203181306
0.0796727410477
0.163845617877
0.025371434862
0.246349143279
0.0994174251042
0.0624211045727
0.214314289551
0.0495631495047
0.153769804845
0.0842760160228
0.121488227138
0.215518974746
0.248291339276
0.0718296961601
0.0491073852846
0.149358164852
0.165099565358
0.142972338808
0.173139752971
0.133479889218
0.128116525277
0.0536853588479
0.110259960276
0.0809981608724
0.196619190582
0.142415709155
0.0596145488362
0.127373366091
0.0733006582196
0.105839894644
0.160065020446
0.131284931416
0.269433944931
0.035229311584
0.145901226893
0.0687542814984
0.148865708928
0.133818872663
0.0785815560352
0.235741685562
0.0610043909697
0.102409270183
0.216360048918
0.0971333980196
0.0755273254275
0.0712849472348
0.131559802285
0.106226583922
0.224744340346
0.279449838826
0.148982343751
0.118909948154
0.170598160676
0.186077899118
0.0866013967193
0.124413723982
0.179980898919
0.0848548154105
0.0881740626425
0.145294514924
0.171462389095
0.122501367141
0.212041434548
0.116658930312
0.144432700926
0.152350004911
0.113727493061
0.0976073958077
0.235179607695
0.0352807096417
0.166332791723
0.163436200374
0.18288027536
0.132275876834
0.0836689059242
0.0704043810033
0.109399778789
0.0491331861667
0.0429611894601
0.0847500751408
0.0598350910182
0.0402520438763
0.174026842823
0.195205964298
0.173678311171
0.206071934723
0.0832614978054
0.131333885592
0.0447844663583
0.112120664026
0.0336034336305
0.0372712580675
0.0831064898385
0.355121959996
0.115957375885
0.138862852478
0.111932637678
0.0650767060859
0.0294560541469
0.0406698193695
0.141257485877
0.17605547368
0.128028255627
0.100047088332
0.0793551929766
0.166914887063
0.108300961151
0.112396367532
0.110110987102
0.0994730692005
0.18892837886
0.0821741934584
0.0837189851742
0.141662513859
0.0800880468067
0.21705783283
0.0968691346335
0.227506585188
0.122113568609
0.290176093854
0.165714412856
0.141481925438
0.0384949654171
0.149334137926
0.0760329936457
0.108382009481
0.0451715003368
0.113386643566
0.0928878348889
0.12586258107
0.276815411239
0.0537220490114
0.0762370364137
0.170610691126
0.199250530776
0.0974279077128
0.239022215677
0.112768870803
0.121577655122
0.0298596947293
0.134310231941
0.127250527618
0.0701865440235
0.163617745876
0.19916665265
0.205184594043
0.132137589326
0.0319346867432
0.0671367377792
0.0646814118334
0.060260424555
0.0340898314792
0.260162769326
0.168227220466
0.115224769627
0.0818028293387
0.317677070254
0.105164883669
0.212770884196
0.11365958611
0.158074084076
0.114868674105
0.0712284958199
0.129148214526
0.0605725323168
0.0902536929355
0.120211139507
0.138445544026
0.133019342079
0.108711435033
0.145146919039
0.0175820797859
0.117853184042
0.0770481140094
0.148358075648
0.209118434688
0.168551907005
0.130361301869
0.0466176348852
0.119155038084
0.0600907616527
0.0344539588558
0.145791962218
0.2141671028
0.148359606793
0.114318232148
0.132832457097
0.0489078289739
0.101754556576
0.0651904223581
0.172627473646
0.119658439324
0.0827021539229
0.0778390858192
0.100728435654
0.0453949396952
0.137903763957
0.0573128160185
0.157004013733
0.0744174547602
0.170458345038
0.134236272635
0.0757677237407
0.23037536894
0.0316088738691
0.114930032533
0.13235626474
0.0267713094468
0.144928457847
0.107649153028
0.157726056381
0.114765572828
0.0656440552942
0.204271852116
0.109886960981
0.0896627377113
0.0897412577735
0.0528114512432
0.0910992653392
0.0821425546334
0.0673499862751
0.0361352546649
0.0708102410578
0.134549444338
0.0787804543635
0.144429116502
0.0588930077321
0.161802009068
0.146791286039
0.0630079767771
0.111407684444
0.092425811905
0.105057788872
0.134971478089
0.0466883317155
0.127887474086
0.182569504632
0.0697017371923
0.127836451537
0.341305409826
0.156615290709
0.0573723961025
0.125055582548
0.158597815525
0.100393571328
0.0510497422475
0.113097969917
0.126241033901
0.151463699956
0.0973525228961
0.102797319488
0.0829807679279
0.0375662084521
0.323019884056
0.0205131707951
0.100736472307
0.129333599159
0.0844853983251
0.214112761054
0.163504383445
0.202257129847
0.042795847298
0.0906933460317
0.0206802228767
0.126176674022
0.0464872108467
0.203419005033
0.0560023833305
0.0478106425062
0.183178503123
0.225416631867
0.159613161969
0.133735754191
0.0339509300091
0.181813463295
0.311940798513
0.1692019801
0.206244919705
0.0922487250344
0.176693767154
0.1504166546
0.0920406278617
0.100238599158
0.0619079039799
0.0847354491766
0.322931842707
0.174308124845
0.156383270727
0.115252820705
0.198409403272
0.053335586211
0.077134750927
0.064232546921
0.22223245245
0.176609591722
0.146428059821
0.062902031958
0.0538082847581
0.224363562257
0.360681212383
0.074506504597
0.0443923155793
0.176955421176
0.0996519741226
0.0473263253559
0.12694152483
0.141348748589
0.121818988866
0.217544740077
0.215494433425
0.148064746277
0.0816872215616
0.0899760005404
0.0464212121349
0.193789818272
0.164433906403
0.182915921446
0.277423771482
0.049577750266
0.322615089763
0.124370495028
0.14113209587
0.177518498399
0.149259507282
0.23028614461
0.0917477921232
0.135919714122
0.165685982132
0.0994574712621
0.0795340542169
0.0509414958485
0.155689173541
0.188868902083
0.262034486634
0.0905082566207
0.181649953433
0.107663939367
0.109246036653
0.109080376808
0.0749896942961
0.162273867408
0.0858040978802
0.0467573530201
0.2099747827
0.126680765305
0.269491912936
0.207744417585
0.1544194399
0.361905424368
0.126796651848
0.174678911052
0.235480328408
0.303031601587
0.183511456682
0.094453888309
0.137251565926
0.223798163142
0.191178544691
0.0362051828458
0.12777362413
0.218793406752
0.107007631443
0.312409021213
0.182851994693
0.243808828915
0.120834001744
0.0956222948215
0.038303787013
0.106923410379
0.0532206883682
0.120806398154
0.188400007198
0.0459305926143
0.295961635286
0.260333749669
0.266955532599
0.0847471986266
0.100600545825
0.118117413027
0.0432261197476
0.101839695325
0.0205870327541
0.0449353174388
0.0753004656548
0.158380007638
0.206294952297
0.213114095133
0.101805470389
0.0625928646003
0.0606822210326
0.117115765385
0.151444315668
0.0540006825449
0.0713421119235
0.0649522965114
0.20522399284
0.118642502161
0.133037343396
0.106073831784
0.0910712537739
0.0318693167418
0.0450277452709
0.146335317507
0.0258541865737
0.12130181025
0.133480587047
0.0329704455111
0.152205142089
0.30869688589
0.114321131092
0.107996486379
0.0404660404196
0.0547123908352
0.178424467748
0.154346385315
0.0582675901368
0.0870121426916
0.119321254525
0.118294199752
0.123127421835
0.0863617885955
0.0540053482714
0.0924834257003
0.149155615281
0.0743729502464
0.116089021307
0.0643741428013
0.0981423928873
0.13257564631
0.0939070760867
0.146752546558
0.0856060902932
0.133983357623
0.207658341695
0.125035933757
0.055562016947
0.229513060337
0.071637905151
0.0940814840304
0.151721102623
0.0699715574071
0.116541308044
0.0666054793968
0.0302085453538
0.0762561021138
0.182611200955
0.11095238188
0.0383739176586
0.0926551343135
0.120529151922
0.191270535755
0.156836732879
0.0799503924743
0.203448640376
0.00731342725679
0.107965774179
0.12420866668
0.0287492046791
0.0411347047067
0.276718352895
0.077272092619
0.083567004744
0.178951641283
0.0929355875135
0.0534624086254
0.102631199095
0.197258069009
0.0352456032686
0.18478229615
0.082978152207
0.0923812255221
0.136257213571
0.235333616905
0.0964465966504
0.0651602248842
0.0113669730393
0.250424478621
0.16089574807
0.127267518215
0.0309434373877
0.16309417244
0.13259189811
0.256018349489
0.155747127735
0.158444924807
0.04879734164
0.0530315963203
0.212875276867
0.0424188919048
0.223851334816
0.0993317794454
0.0800321849404
0.0988028517005
0.0759180950295
0.0821520901474
0.0250639990996
0.156669284754
0.131590418914
0.203752449304
0.209492708392
0.161129616187
0.22750664133
0.193896891628
0.124886443652
0.188896162946
0.123692201607
0.18570286236
0.0731274915085
0.0480838207758
0.153024814855
0.030438432028
0.078932921112
0.110421335649
0.1031308388
0.400535481679
0.0803207779869
0.0781750651039
0.0562421368185
0.122973370748
0.0908250828792
0.11111683116
0.244686815394
0.147839342946
0.131926086882
0.207760961736
0.288990226098
0.283105656088
0.250177186266
0.0352206642807
0.0310196075984
0.128496222446
0.0689544444721
0.0612152221627
0.0798139935512
0.157481529008
0.110037958409
0.150927374521
0.180557144014
0.0883526525883
0.0462239823044
0.0898460756966
0.139039839155
0.249123639443
0.105278262032
0.158129206235
0.169413617003
0.0475078118621
0.194308771859
0.313860366536
0.192752333273
0.107791099072
0.0498349816857
0.162864256102
0.104173301844
0.168392307
0.0806204627528
0.155488170245
0.0494038917409
0.0621338935337
0.205004761634
0.138856337916
0.0557278618475
0.0634596306269
0.0660504941709
0.198333540979
0.193205090129
0.142867650517
0.0700652186195
0.0163322546669
0.0639540894979
0.125733600648
0.0600462967581
0.0999876567448
0.0477863712658
0.0945969579584
0.0711776832172
0.0749341419768
0.0946199880758
0.165066103312
0.199023128004
0.0372758510862
0.309622250909
0.168742899213
0.20104134133
0.12902207642
0.299262920144
0.118009693993
0.054900819159
0.0333685318323
0.163787769935
0.255082736452
0.091832793906
0.0595337719938
0.0527069486475
0.219416434904
0.0738369459054
0.123928591355
0.102769110739
0.188087421172
0.0917496550416
0.133715116314
0.0642210759917
0.148877092897
0.112346759794
0.150784625094
0.228526086258
0.0245678930279
0.123511113559
0.184567249049
0.247313391976
0.115816950242
0.075890295811
0.0650713371513
0.0849758377141
0.0881619506154
0.126596090593
0.191452123365
0.108468907041
0.038701432299
0.0758285047546
0.0818610184549
0.0702327605254
0.12041155372
0.111846601889
0.0573188266998
0.103051610501
0.128180772877
0.078139813561
0.0437460049863
0.127970039334
0.183283931943
0.103817286449
0.181212940608
0.192903045983
0.209218666288
0.0716569542487
0.136588684247
0.095734306717
0.353585842006
0.0876111600156
0.242314445976
0.286002825809
0.171751380654
0.277563914328
0.0596167479015
0.082663000683
0.0922520530192
0.0905123279983
0.146983703388
0.102816300001
0.0788306795224
0.257942985738
0.112967954234
0.0784103453624
0.0962970987896
0.212512984109
0.155463517228
0.1255444767
0.138287168042
0.256648359176
0.19408681041
0.0738272974818
0.125813264257
0.118852068192
0.218152261713
0.272460465255
0.0623835621783
0.103910125571
0.102630378755
0.222546557614
0.0630711057646
0.183130544476
0.0756410557369
0.026641421091
0.185891784495
0.237579881807
0.120833215687
0.208002031911
0.174914537842
0.0660171201611
0.132371557795
0.110894576136
0.0445142834158
0.114997045272
0.137733629858
0.118321989
0.112881999727
0.106172315437
0.0823301899524
0.239225203765
0.10536726404
0.0808220884109
0.195983177505
0.0968351629313
0.0396265058064
0.0686609765378
0.0698451188761
0.0908954963381
0.0611821941893
0.0724967811509
0.156188875004
0.120885545545
0.120564933357
0.168265937457
0.0492981074951
0.0586274853131
0.184075999686
0.382619667805
0.0816641107998
0.0588021618978
0.0427733874131
0.289635028289
0.140897457983
0.178762583533
0.102748329237
0.136130176777
0.213054557606
0.119154038282
0.241705645177
0.132250139645
0.176013443829
0.199203975481
0.281504887374
0.218263211931
0.106982813238
0.149387570095
0.0691732492899
0.152259248752
0.122937037035
0.073642180334
0.170560202424
0.0552295617308
0.0487979600832
0.102462838859
0.177631658358
0.114519773947
0.215557912758
0.0820276163675
0.125730098787
0.113565193402
0.278461636548
0.0650402324434
0.0794558652907
0.18762212425
0.234318002345
0.153291064333
0.0861632502733
0.136201383448
0.177624929473
0.0809516352395
0.0291697167068
0.0854339938452
0.0334544265383
0.0784605135077
0.0670940401318
0.23026247427
0.151049331139
0.266608989079
0.410510545501
0.118646848003
0.043206180844
0.0651494581317
0.0597859314972
0.11416338785
0.203853553235
0.169040871701
0.0585581967235
0.180384368875
0.185655735823
0.105309370217
0.0859513394748
0.121818689019
0.0353671537486
0.259428164525
0.0435639150974
0.0678600503225
0.0385962523715
0.12126740531
0.087556836081
0.0342752803553
0.0895535574731
0.0878748672352
0.162673556479
0.274322761125
0.0749206870373
0.231038115835
0.147072148072
0.0753007397556
0.0581215330804
0.155516341334
0.21879272839
0.0401419252373
0.131478262812
0.282768173666
0.0966996947614
0.100106917957
0.14119166752
0.144371674375
0.143707734515
0.0985651076835
0.161840431349
0.101380833977
0.204595275118
0.0715937033595
0.325779157268
0.069441251722
0.0851320294178
0.341174683272
0.176700969832
0.0217826447948
0.0788628881516
0.0907667498665
0.072990200791
0.123731819276
0.142300248841
0.111614637168
0.0499890774958
0.134893183133
0.188060354533
0.234545308329
0.11324313302
0.269614922109
0.0641874671121
0.0798707247553
0.151947499245
0.0498217857293
0.0229724853562
0.139253024079
0.130970882648
0.181009497929
0.0595937131483
0.0969945391689
0.131131706881
0.0533262161025
0.01436550685
0.23017621181
0.0328013693356
0.119791089315
0.235224273194
0.233312015336
0.0935139699592
0.287593173659
0.209151757621
0.0755257512582
0.156849600332
0.0404371945207
0.185678655023
0.253067491207
0.222463992337
0.140990748847
0.0963473335208
0.0924039276604
0.0539800632634
0.11590689994
0.0520193663295
0.126194916898
0.0379435167302
0.0672042650591
0.178831408366
0.104425998576
0.246643848035
0.222706500568
0.142200079739
0.364231804802
0.149502595324
0.0939171138968
0.104053853136
0.0865802129502
0.0687697498043
0.0833487331097
0.178048416484
0.0500566682946
0.227080676368
0.0535359247784
0.24817551164
0.146911024704
0.33574961729
0.20855502584
0.262823212737
0.117902667878
0.151582678471
0.119995321288
0.103308481828
0.0585059764628
0.0478296241625
0.0645909250692
0.212773352832
0.212315666641
0.107402159378
0.150750015367
0.10336437851
0.0899767903242
0.0435547202362
0.105614763739
0.0907459332533
0.0283102630962
0.130014587285
0.0391036810403
0.180852293618
0.0585570255243
0.0425686017357
0.109864112835
0.144461790587
0.0352688322899
0.111873840811
0.0753086155048
0.235687076519
0.111250702354
0.13729396925
0.336441398607
0.126996592682
0.110525316206
0.0871501699806
0.0250477896906
0.210192414694
0.0516496104807
0.261795911974
0.154720770308
0.114815987513
0.0670935317564
0.0426347796155
0.0475615458231
0.0916378759731
0.10406085093
0.103041686054
0.226837356308
0.167085659418
0.0485322438374
0.0938000855424
0.102761193709
0.15710091478
0.100278699399
0.195116593084
0.0537321451609
0.264863018026
0.0655336292065
0.190575639224
0.0982222592092
0.16194090036
0.245807883399
0.0643161079416
0.142207475793
0.153504286649
0.0482530491293
0.211237982125
0.145342882403
0.119858269916
0.034424725196
0.192596231079
0.273188756469
0.0836339201909
0.0849379629903
0.0599952905874
0.185637481638
0.125357166373
0.0660197158696
0.219706486329
0.0846900202191
0.227129851622
0.0522587765553
0.325502671413
0.0560775313179
0.0654069369812
0.127296119809
0.0400197297553
0.0291834117592
0.043018234667
0.0822727351488
0.132388309774
0.155382836995
0.090549299488
0.159911071698
0.0298258940893
0.0502236576943
0.159274017428
0.0827277269465
0.166292437782
0.0379575080296
0.10194898453
0.203838071966
0.16170386888
0.17989075018
0.176966893684
0.119437776212
0.0781805204325
0.321337242236
0.107616258592
0.198539406266
0.116254193965
0.146244030224
0.0360469454043
0.176256938359
0.0554634826025
0.0702773134935
0.10151567429
0.0770264666078
0.113106026282
0.023267832866
0.1920972278
0.0181225673991
0.0487467732494
0.0670542879209
0.0489553430184
0.100115640347
0.060764027681
0.0399241055162
0.0256396433562
0.105738606018
0.174705478593
0.11059791893
0.190275975397
0.0716067090986
0.122280880346
0.110394841763
0.168959951337
0.136644092574
0.116629040971
0.0634088776149
0.135978327986
0.15901415024
0.1014676932
0.254023332394
0.187489367975
0.052936406274
0.187087688611
0.0961648862167
0.241467883254
0.160498722229
0.14026187171
0.239003440479
0.0982744297559
0.0695492243584
0.0686577806444
0.175656747993
0.0762386358908
0.173958167028
0.215662420173
0.0894565202008
0.0871844613293
0.0898127632541
0.201350970522
0.108503243244
0.0984424444268
0.17150064993
0.0817017352123
0.164778841503
0.30643079704
0.167060979281
0.210777580011
0.119310812679
0.0908382838393
0.308044755546
0.118101727459
0.0294063210647
0.0522678601421
0.0408037872428
0.0743811266339
0.0851321703793
0.0328833318363
0.0810421093703
0.248644679065
0.0971026459407
0.134649115954
0.157699501703
0.148586533458
0.107239943818
0.045758012157
0.0887844350187
0.131916604319
