0.0834713369582
0.199087915349
0.0608566916382
0.103930284181
0.319386148821
0.218582574667
0.0745513104181
0.125729524503
0.135019658313
0.0521213827457
0.0917449392669
0.0212473068879
0.113546909731
0.0389500174782
0.0785123016998
0.144080934363
0.15023406669
0.128971330023
0.0147643275949
0.0836199151691
0.25083309706
0.0927953895812
0.093683833085
0.0475465331981
0.303834983711
0.152415478902
0.181324685716
0.107168685386
0.0568028504171
0.0942284259222
0.0226504108771
0.132575101746
0.0324698934454
0.11193973164
0.221641291628
0.168748643778
0.193972705803
0.0565756824685
0.0938474711589
0.0970673871962
0.0960059137452
0.138699388655
0.0611632619771
0.0339643648585
0.279404368305
0.203371004618
0.0667964622005
0.20632884931
0.096519173978
0.121399514456
0.0549280921631
0.0892673611264
0.0841299597534
0.0965540731013
0.0521350624313
0.183014551727
0.101129890052
0.148793675325
0.11790272834
0.0915524357578
0.081652905066
0.0764199860988
0.104954745536
0.324636192703
0.0914283708166
0.0808992211756
0.221316455556
0.043995622861
0.175349816163
0.0538660211276
0.0891037591222
0.0461225884522
0.127199449409
0.130737989762
0.188220909254
0.223718383873
0.153080109666
0.122156681538
0.068282530093
0.0186784001194
0.254047663292
0.159471181282
0.281175247971
0.13508237654
0.103600016643
0.127063552178
0.078509435866
0.115928899584
0.105842422659
0.0555565725939
0.0938393876744
0.0896146703707
0.133652809953
0.262439254539
0.0351734826831
0.13292352918
0.17209675893
0.169376422535
0.167428264471
0.100186227583
0.122992026785
0.253882321587
0.0933741775146
0.195117051173
0.028340006915
0.227997525924
0.0647505705361
0.259494521908
0.00987459809005
0.202315729448
0.0608319633496
0.0957922963801
0.0942362379813
0.14610873853
0.0575105023515
0.0228235811935
0.18357162316
0.0915023121436
0.0955706739685
0.117226029656
0.141943599329
0.0724271105604
0.111509092374
0.101311711196
0.156031491009
0.192168114692
0.106562561504
0.246454753519
0.092538568627
0.204025958669
0.0434938593366
0.047981971407
0.0429293925277
0.205790183482
0.295675592169
0.145180425016
0.123652721218
0.0853651668964
0.0486143281401
0.0889288489428
0.249307530818
0.029878629303
0.0543191035508
0.035515882346
0.10907311958
0.128294535708
0.101518128835
0.0809361136566
0.150843443428
0.0737443352034
0.129427640006
0.396383531681
0.206131623752
0.111320648167
0.113409860273
0.039714594178
0.151449784875
0.0436702977435
0.130228131006
0.165860624385
0.285896640378
0.0346869966324
0.159862404589
0.118987274318
0.104039664292
0.0675320934103
0.0549083928894
0.0780492237901
0.0758030490789
0.142640453704
0.0399690354772
0.127205132712
0.150834095764
0.163510857513
0.0291330730742
0.0743722794528
0.159881815187
0.101901710216
0.127254761036
0.108216757629
0.0828192578164
0.156731019404
0.158286203106
0.0574727113409
0.279591450863
0.159216899339
0.139395807374
0.164401299478
0.195564373493
0.139093234755
0.149406648913
0.0996476636092
0.0834713369582
0.178076000561
0.199087915349
0.0717947921259
0.0608566916382
0.0887994407754
0.103930284181
0.143611996812
0.319386148821
0.112176205923
0.218582574667
0.0869757667523
0.0745513104181
0.0818561496734
0.125729524503
0.121311252616
0.135019658313
0.183216283411
0.0521213827457
0.153707835571
0.0917449392669
0.324474922946
0.0212473068879
0.12293714923
0.113546909731
0.138215225756
0.0389500174782
0.18513507701
0.0785123016998
0.161144028348
0.144080934363
0.114934847024
0.15023406669
0.0862285196265
0.128971330023
0.0824318878032
0.0147643275949
0.108950833431
0.0836199151691
0.199614942711
0.25083309706
0.154267314764
0.0927953895812
0.113856294089
0.093683833085
0.0750065167325
0.0475465331981
0.0495175907467
0.303834983711
0.244331662967
0.152415478902
0.0558449510746
0.181324685716
0.0806601731775
0.107168685386
0.276491680595
0.0568028504171
0.0709466643154
0.0942284259222
0.105692877697
0.0226504108771
0.0924697833513
0.132575101746
0.0338597978279
0.0324698934454
0.087049923066
0.11193973164
0.150937830587
0.221641291628
0.107395228188
0.168748643778
0.256771176985
0.193972705803
0.143054797166
0.0565756824685
0.215971583042
0.0938474711589
0.335558713533
0.0970673871962
0.0649915651741
0.0960059137452
0.190488555689
0.138699388655
0.146064441885
0.0611632619771
0.105462541918
0.0339643648585
0.0856291072176
0.279404368305
0.0393284262013
0.203371004618
0.104926280311
0.0667964622005
0.0635377098882
0.20632884931
0.109500365187
0.096519173978
0.178683804533
0.121399514456
0.110623284535
0.0549280921631
0.374213328134
0.0892673611264
0.152681401993
0.0841299597534
0.095944253668
0.0965540731013
0.186535590877
0.0521350624313
0.0787263456168
0.183014551727
0.118726041285
0.101129890052
0.13470416313
0.148793675325
0.132244613038
0.11790272834
0.11402868965
0.0915524357578
0.101162965597
0.081652905066
0.0537862286584
0.0764199860988
0.0618901153168
0.104954745536
0.127087132388
0.324636192703
0.0926167182606
0.0914283708166
0.103592281083
0.0808992211756
0.270850017048
0.221316455556
0.133689314075
0.043995622861
0.17145831541
0.175349816163
0.128281095417
0.0538660211276
0.115915334771
0.0891037591222
0.0520206180075
0.0461225884522
0.151190653209
0.127199449409
0.101192580877
0.130737989762
0.0400642723905
0.188220909254
0.0867831633629
0.223718383873
0.0702541670724
0.153080109666
0.0232310871333
0.122156681538
0.041932692772
0.068282530093
0.0703289590275
0.0186784001194
0.033999431934
0.254047663292
0.0416741826511
0.159471181282
0.153433882651
0.281175247971
0.267029101784
0.13508237654
0.0887311791406
0.103600016643
0.0915760853096
0.127063552178
0.128025615942
0.078509435866
0.22584660427
0.115928899584
0.179336529922
0.105842422659
0.237289762214
0.0555565725939
0.168117003916
0.0938393876744
0.0651884795219
0.0896146703707
0.122481003178
0.133652809953
0.0859844499708
0.262439254539
0.203472140378
0.0351734826831
0.038242977107
0.13292352918
0.230932841042
0.17209675893
0.124018095392
0.169376422535
0.088538657366
0.167428264471
0.145487973981
0.100186227583
0.0743853962641
0.122992026785
0.0525682000982
0.253882321587
0.211186861387
0.0933741775146
0.164652145183
0.195117051173
0.0997378956944
0.028340006915
0.337240554697
0.227997525924
0.143018865708
0.0647505705361
0.0685679641362
0.259494521908
0.274964481438
0.00987459809005
0.144931424228
0.202315729448
0.119341783508
0.0608319633496
0.0368524895714
0.0957922963801
0.186117850055
0.0942362379813
0.0984881229314
0.14610873853
0.126945216307
0.0575105023515
0.0794857178081
0.0228235811935
0.102479850945
0.18357162316
0.0792171692174
0.0915023121436
0.0785139548276
0.0955706739685
0.195467884584
0.117226029656
0.216226157357
0.141943599329
0.0758759612705
0.0724271105604
0.229125852322
0.111509092374
0.104648033768
0.101311711196
0.0497296789782
0.156031491009
0.0440130970866
0.192168114692
0.0815157495975
0.106562561504
0.2050852821
0.246454753519
0.174894300506
0.092538568627
0.140148016384
0.204025958669
0.166915252727
0.0434938593366
0.0911805658502
0.047981971407
0.120364625354
0.0429293925277
0.07543313053
0.205790183482
0.0690215136584
0.295675592169
0.134127837688
0.145180425016
0.199045145869
0.123652721218
0.134044353707
0.0853651668964
0.152422343335
0.0486143281401
0.176747933494
0.0889288489428
0.143531456117
0.249307530818
0.0937025872218
0.029878629303
0.139479377956
0.0543191035508
0.178477015109
0.035515882346
0.206117881483
0.10907311958
0.0915321889226
0.128294535708
0.11370470789
0.101518128835
0.143187011507
0.0809361136566
0.106823129428
0.150843443428
0.186190407565
0.0737443352034
0.126580975754
0.129427640006
0.140968219162
0.396383531681
0.325138151372
0.206131623752
0.166916336453
0.111320648167
0.232528191616
0.113409860273
0.0130829512237
0.039714594178
0.0399681560452
0.151449784875
0.145343501868
0.0436702977435
0.0465576484258
0.130228131006
0.41998118152
0.165860624385
0.0535165291877
0.285896640378
0.207635869698
0.0346869966324
0.161656619043
0.159862404589
0.16483723921
0.118987274318
0.101729977561
0.104039664292
0.113920471769
0.0675320934103
0.23107428607
0.0549083928894
0.0426213659751
0.0780492237901
0.0869739030029
0.0758030490789
0.0751018818643
0.142640453704
0.0994495354939
0.0399690354772
0.211679661665
0.127205132712
0.173380174555
0.150834095764
0.0494408939567
0.163510857513
0.0915872404821
0.0291330730742
0.0620024925956
0.0743722794528
0.0766342573784
0.159881815187
0.104118754645
0.101901710216
0.0769954672395
0.127254761036
0.0389699716489
0.108216757629
0.126356672029
0.0828192578164
0.175545747177
0.156731019404
0.0773543956709
0.158286203106
0.352728730856
0.0574727113409
0.133885116295
0.279591450863
0.224250846741
0.159216899339
0.132274741657
0.139395807374
0.142696197557
0.164401299478
0.158639284242
0.195564373493
0.253463523874
0.139093234755
0.269017563778
0.149406648913
0.150111330215
0.0996476636092
0.116930981306
0.178076000561
0.168409394713
0.0717947921259
0.104749257081
0.0887994407754
0.201753804144
0.143611996812
0.0385194920739
0.112176205923
0.135385629613
0.0869757667523
0.208668864696
0.0818561496734
0.103423148524
0.121311252616
0.0639474970916
0.183216283411
0.119589889697
0.153707835571
0.0801885204766
0.324474922946
0.140317603249
0.12293714923
0.239656737555
0.138215225756
0.0990695890096
0.18513507701
0.151033860711
0.161144028348
0.0985661360919
0.114934847024
0.100479650548
0.0862285196265
0.254579508327
0.0824318878032
0.0798470310347
0.108950833431
0.162567453833
0.199614942711
0.101300068989
0.154267314764
0.0509027033323
0.113856294089
0.0364381366828
0.0750065167325
0.127833997148
0.0495175907467
0.121138249304
0.244331662967
0.0619243407795
0.0558449510746
0.142913391872
0.0806601731775
0.109646038699
0.276491680595
0.25138957194
0.0709466643154
0.0385373751426
0.105692877697
0.348143866426
0.0924697833513
0.207116924137
0.0338597978279
0.107588579068
0.087049923066
0.126070253094
0.150937830587
0.0596674025435
0.107395228188
0.052692404688
0.256771176985
0.174146583014
0.143054797166
0.113714330376
0.215971583042
0.0874276233817
0.335558713533
0.0355644512981
0.0649915651741
0.148069443903
0.190488555689
0.0888768300964
0.146064441885
0.0889622167387
0.105462541918
0.157056147625
0.0856291072176
0.114523826661
0.0393284262013
0.184164366519
0.104926280311
0.065253010829
0.0635377098882
0.0134209276912
0.109500365187
0.151219494461
0.178683804533
0.0622427271288
0.110623284535
0.0417572991608
0.374213328134
0.0455707860174
0.152681401993
0.0165231217985
0.095944253668
0.138265832878
0.186535590877
0.109511811128
0.0787263456168
0.0519709735613
0.118726041285
0.109953352003
0.13470416313
0.156869374621
0.132244613038
0.195919589807
0.11402868965
0.21188189751
0.101162965597
0.226915593826
0.0537862286584
0.105928261697
0.0618901153168
0.0995146635321
0.127087132388
0.103400832069
0.0926167182606
0.216764044688
0.103592281083
0.0262074564717
0.270850017048
0.172795552823
0.133689314075
0.183749348312
0.17145831541
0.171646324564
0.128281095417
0.150629040375
0.115915334771
0.127282018815
0.0520206180075
0.15209647183
0.151190653209
0.0992344231825
0.101192580877
0.130262137909
0.0400642723905
0.215536598398
0.0867831633629
0.1722237807
0.0702541670724
0.32721955335
0.0232310871333
0.280094408591
0.041932692772
0.143575614039
0.0703289590275
0.0542988715513
0.033999431934
0.189287413968
0.0416741826511
0.165573968896
0.153433882651
0.234321122868
0.267029101784
0.164147313359
0.0887311791406
0.0405438540224
0.0915760853096
0.250970269564
0.128025615942
0.121653696489
0.22584660427
0.10746627496
0.179336529922
0.0775482176504
0.237289762214
0.0874671043777
0.168117003916
0.0650494027107
0.0651884795219
0.274595518418
0.122481003178
0.0759735365687
0.0859844499708
0.0736223715744
0.203472140378
0.111380633605
0.038242977107
0.0292163772849
0.230932841042
0.121254430833
0.124018095392
0.0945488289325
0.088538657366
0.0752992703968
0.145487973981
0.0553485759992
0.0743853962641
0.169068464445
0.0525682000982
0.0925486969658
0.211186861387
0.0783667854798
0.164652145183
0.0977665826252
0.0997378956944
0.218429448683
0.337240554697
0.123007068151
0.143018865708
0.0750438319681
0.0685679641362
0.186960355003
0.274964481438
0.0536136355805
0.144931424228
0.0219438149606
0.119341783508
0.0828392618721
0.0368524895714
0.0585528531027
0.186117850055
0.117142622054
0.0984881229314
0.227656877016
0.126945216307
0.0806098797873
0.0794857178081
0.0827995621298
0.102479850945
0.0328936830603
0.0792171692174
0.0820152425679
0.0785139548276
0.240719523767
0.195467884584
0.0982865053293
0.216226157357
0.141047118512
0.0758759612705
0.124440804631
0.229125852322
0.081996107958
0.104648033768
0.0593459660731
0.0497296789782
0.0887285814637
0.0440130970866
0.0781839425527
0.0815157495975
0.0559389718085
0.2050852821
0.0644142557644
0.174894300506
0.158303811816
0.140148016384
0.046780833041
0.166915252727
0.223561868595
0.0911805658502
0.133431248154
0.120364625354
0.0637025040711
0.07543313053
0.109706435665
0.0690215136584
0.0621027040621
0.134127837688
0.17859859749
0.199045145869
0.0398687695266
0.134044353707
0.0853305934941
0.152422343335
0.116216601392
0.176747933494
0.342692193923
0.143531456117
0.0902945710131
0.0937025872218
0.060351847365
0.139479377956
0.0516515119984
0.178477015109
0.0530398050339
0.206117881483
0.0807634718947
0.0915321889226
0.102182620194
0.11370470789
0.143925036372
0.143187011507
0.0544728693873
0.106823129428
0.234358829259
0.186190407565
0.286841590744
0.126580975754
0.147658181432
0.140968219162
0.348165763078
0.325138151372
0.0888231291607
0.166916336453
0.126795969718
0.232528191616
0.335650015687
0.0130829512237
0.115070304844
0.0399681560452
0.0537617959114
0.145343501868
0.0904384495351
0.0465576484258
0.0263949098981
0.41998118152
0.0845524173114
0.0535165291877
0.142414494761
0.207635869698
0.25282527336
0.161656619043
0.069186063939
0.16483723921
0.238745601328
0.101729977561
0.197080198022
0.113920471769
0.230134408944
0.23107428607
0.0819407705984
0.0426213659751
0.0813429078237
0.0869739030029
0.0853583785062
0.0751018818643
0.052708234157
0.0994495354939
0.203300092812
0.211679661665
0.210658495445
0.173380174555
0.0558578525617
0.0494408939567
0.0760659038339
0.0915872404821
0.0963668784416
0.0620024925956
0.219903118881
0.0766342573784
0.149629231852
0.104118754645
0.178431486531
0.0769954672395
0.248799171913
0.0389699716489
0.0684746942541
0.126356672029
0.153397847701
0.175545747177
0.100928541642
0.0773543956709
0.119603880423
0.352728730856
0.0654835309836
0.133885116295
0.114544781568
0.224250846741
0.22297428017
0.132274741657
0.222366873035
0.142696197557
0.115642670942
0.158639284242
0.0196051131179
0.253463523874
0.103694623028
0.269017563778
0.0906852377488
0.150111330215
0.164610635334
0.116930981306
0.187495429705
0.168409394713
0.239104405709
0.104749257081
0.0733021155358
0.201753804144
0.0691605648306
0.0385194920739
0.0254600626771
0.135385629613
0.150384690112
0.208668864696
0.108976856165
0.103423148524
0.180370994781
0.0639474970916
0.109582086162
0.119589889697
0.084490580745
0.0801885204766
0.1009137359
0.140317603249
0.138118633869
0.239656737555
0.10850211618
0.0990695890096
0.111385877139
0.151033860711
0.0286966462015
0.0985661360919
0.0483719704777
0.100479650548
0.064403791205
0.254579508327
0.13629971141
0.0798470310347
0.124908837998
0.162567453833
0.0580799386262
0.101300068989
0.267049671101
0.0509027033323
0.018669012685
0.0364381366828
0.132213289855
0.127833997148
0.0979276364054
0.121138249304
0.0571335003507
0.0619243407795
0.208135526423
0.142913391872
0.0753575230213
0.109646038699
0.130603790253
0.25138957194
0.363984218736
0.0385373751426
0.183479507592
0.348143866426
0.122589854918
0.207116924137
0.0254765434324
0.107588579068
0.0297113578956
0.126070253094
0.136662063045
0.0596674025435
0.10468384733
0.052692404688
0.0275309749595
0.174146583014
0.101913659859
0.113714330376
0.0805129118175
0.0874276233817
0.104210663281
0.0355644512981
0.0767715267816
0.148069443903
0.224663356849
0.0888768300964
0.143376355768
0.0889622167387
0.157056147625
0.207587695313
0.114523826661
0.0401356856603
0.184164366519
0.0233996082267
0.065253010829
0.164360697851
0.0134209276912
0.210439653324
0.151219494461
0.119285174747
0.0622427271288
0.0564471178273
0.0417572991608
0.0727025497664
0.0455707860174
0.0584165658859
0.110546511072
0.0165231217985
0.138265832878
0.0959508778849
0.109511811128
0.120403628295
0.0519709735613
0.251375657942
0.109953352003
0.0460044232711
0.211700686257
0.156869374621
0.195919589807
0.0740928702366
0.21188189751
0.17113520737
0.226915593826
0.0615205705217
0.105928261697
0.194036502081
0.0995146635321
0.0786412556623
0.103400832069
0.234844929956
0.216764044688
0.25004905235
0.0262074564717
0.240375575276
0.172795552823
0.216723960122
0.183749348312
0.0493114928429
0.171646324564
0.0791197875682
0.150629040375
0.184106281052
0.127282018815
0.0495958154766
0.15209647183
0.164400198454
0.0992344231825
0.118211893374
0.0931250863136
0.130262137909
0.215536598398
0.156022195123
0.1722237807
0.32721955335
0.125955386772
0.100195278094
0.280094408591
0.322447710462
0.143575614039
0.120200539686
0.0542988715513
0.22735294952
0.207491056876
0.189287413968
0.165573968896
0.128164267872
0.234321122868
0.215509870058
0.164147313359
0.115923341203
0.0405438540224
0.140609802195
0.0431201722987
0.250970269564
0.121653696489
0.0544798880095
0.10746627496
0.362609389097
0.101558703228
0.0775482176504
0.246543450439
0.0874671043777
0.0650494027107
0.0457845974522
0.183915425169
0.274595518418
0.182518699189
0.0759735365687
0.0435906530305
0.0736223715744
0.1667974622
0.111380633605
0.0771036603765
0.0292163772849
0.165879268396
0.121254430833
0.0431173705129
0.0945488289325
0.145485463169
0.0752992703968
0.0466947742307
0.0553485759992
0.204888328692
0.169068464445
0.112023727988
0.0925486969658
0.135599752891
0.0783667854798
0.162616499137
0.0977665826252
0.0408029604118
0.218429448683
0.125859281059
0.123007068151
0.159532329152
0.0750438319681
0.0364017277552
0.186960355003
0.0681207589964
0.0536136355805
0.0810228680603
0.0219438149606
0.0544000834203
0.0828392618721
0.121772659886
0.0585528531027
0.0983800358774
0.117142622054
0.0990902444852
0.227656877016
0.147619698578
0.0806098797873
0.2179621794
0.0827995621298
0.0328936830603
0.234599701573
0.0820152425679
0.156660742162
0.240719523767
0.0543800613189
0.0982865053293
0.051776133714
0.141047118512
0.0798167698656
0.124440804631
0.277680382394
0.081996107958
0.190040741806
0.0593459660731
0.105312772523
0.0887285814637
0.186945753698
0.0781839425527
0.0843225648789
0.0559389718085
0.0653537705077
0.0444771805965
0.0644142557644
0.158303811816
0.167096987631
0.046780833041
0.0844827315325
0.223561868595
0.164101324817
0.133431248154
0.0637025040711
0.180508523749
0.109706435665
0.113572361645
0.0934354475241
0.0621027040621
0.17859859749
0.0626965870331
0.0398687695266
0.0368478129231
0.0853305934941
0.213835835582
0.116216601392
0.342692193923
0.135354236008
0.0902945710131
0.0301847580959
0.060351847365
0.283634212479
0.0516515119984
0.127938401044
0.0530398050339
0.115056032258
0.0807634718947
0.0854701405756
0.102182620194
0.0396156510795
0.143925036372
0.221368991728
0.0544728693873
0.128098533891
0.234358829259
0.209120401295
0.286841590744
0.0610337273122
0.147658181432
0.0524805232967
0.348165763078
0.0304702750082
0.0888231291607
0.0660279705225
0.126795969718
0.13333654394
0.335650015687
0.193203242687
0.115070304844
0.230239076089
0.0537617959114
0.187298458749
0.0904384495351
0.137814487664
0.0263949098981
0.13541870129
0.0845524173114
0.0855972577021
0.142414494761
0.271725057318
0.25282527336
0.288636776388
0.069186063939
0.219329339179
0.238745601328
0.391564971295
0.197080198022
0.0972173521145
0.230134408944
0.113794403733
0.0819407705984
0.0265621531322
0.0813429078237
0.108897981141
0.0853583785062
0.159041658913
0.052708234157
0.246046820497
0.203300092812
0.160320088237
0.210658495445
0.0858533194272
0.0558578525617
0.295804370531
0.0760659038339
0.118267959597
0.0963668784416
0.0293465154966
0.219903118881
0.0480763370738
0.149629231852
0.0893630752132
0.178431486531
0.0649286864944
0.248799171913
0.0532763754333
0.0684746942541
0.0141517644294
0.153397847701
0.140072175897
0.100928541642
0.21737087042
0.119603880423
0.302992790336
0.0654835309836
0.179495081353
0.114544781568
0.109680645282
0.22297428017
0.141844943805
0.222366873035
0.085925803372
0.115642670942
0.379700704223
0.0196051131179
0.0558965099484
0.103694623028
0.119702042625
0.0906852377488
0.129408878285
0.164610635334
0.0683462216454
0.187495429705
0.256168705983
0.239104405709
0.127119866465
0.0733021155358
0.158595987844
0.0691605648306
0.134331657338
0.0254600626771
0.225770676172
0.150384690112
0.134607184923
0.108976856165
0.113715690601
0.180370994781
0.0946596512792
0.109582086162
0.222971647327
0.084490580745
0.0867906928769
0.1009137359
0.131680669541
0.138118633869
0.0905463709318
0.10850211618
0.233938653391
0.111385877139
0.0647891998841
0.0286966462015
0.207053480351
0.0483719704777
0.0793601835648
0.064403791205
0.211606740492
0.13629971141
0.165960725995
0.124908837998
0.136382618657
0.0580799386262
0.065562875902
0.267049671101
0.0576724378972
0.018669012685
0.170416243695
0.132213289855
0.254656071569
0.0979276364054
0.205508813801
0.0571335003507
0.177416910297
0.208135526423
0.23492694091
0.0753575230213
0.0887222735814
0.130603790253
0.135257621526
0.363984218736
0.0203107806695
0.183479507592
0.343422376261
0.122589854918
0.04724949648
0.0254765434324
0.0826115471007
0.0297113578956
0.461759643406
0.136662063045
0.318714402423
0.10468384733
0.135075369573
0.0275309749595
0.200601569705
0.101913659859
0.0206506488177
0.0805129118175
0.167160647765
0.104210663281
0.0967709454869
0.0767715267816
0.147713728813
0.224663356849
0.0498775742921
0.143376355768
0.130702207295
0.207587695313
0.106840957355
0.0401356856603
0.209208901648
0.0233996082267
0.253300443056
0.164360697851
0.149237613509
0.210439653324
0.244694665074
0.119285174747
0.0824420648514
0.0564471178273
0.113043874974
0.0727025497664
0.182975058682
0.0584165658859
0.06229521404
0.110546511072
0.16249975598
0.0959508778849
0.0778289228087
0.120403628295
0.193523089225
0.251375657942
0.176612786983
0.0460044232711
0.0456906356019
0.211700686257
0.086760064356
0.0740928702366
0.294931465586
0.17113520737
0.152587768935
0.0615205705217
0.152049559379
0.194036502081
0.221341063566
0.0786412556623
0.170000377528
0.234844929956
0.26759547515
0.25004905235
0.0427416700807
0.240375575276
0.178777618954
0.216723960122
0.154613579583
0.0493114928429
0.0754454307991
0.0791197875682
0.111809153517
0.184106281052
0.0906828133955
0.0495958154766
0.143426377774
0.164400198454
0.0992572033607
0.118211893374
0.106640112953
0.0931250863136
0.0633484795229
0.156022195123
0.101546572091
0.125955386772
0.0531626347144
0.100195278094
0.0998028406617
0.322447710462
0.106745410378
0.120200539686
0.0197551754469
0.22735294952
0.174640487838
0.207491056876
0.080379630028
0.128164267872
0.113533457152
0.215509870058
0.106977849731
0.115923341203
0.086631088059
0.140609802195
0.134116077173
0.0431201722987
0.0352496781209
0.0544798880095
0.0526898752877
0.362609389097
0.114062515984
0.101558703228
0.257748750527
0.246543450439
0.087199724437
0.0457845974522
0.110519722724
0.183915425169
0.134560984252
0.182518699189
0.213622490221
0.0435906530305
0.0867051142167
0.1667974622
0.110081580031
0.0771036603765
0.0954148620308
0.165879268396
0.132391672822
0.0431173705129
0.103302744308
0.145485463169
0.055658299718
0.0466947742307
0.0775144701937
0.204888328692
0.184449306797
0.112023727988
0.12593737973
0.135599752891
0.134870162897
0.162616499137
0.11718479635
0.0408029604118
0.181063682419
0.125859281059
0.0721451495618
0.159532329152
0.0878368798476
0.0364017277552
0.0950314144096
0.0681207589964
0.152895307317
0.0810228680603
0.0601513016638
0.0544000834203
0.140128719466
0.121772659886
0.271444795018
0.0983800358774
0.114963292402
0.0990902444852
0.0857768038331
0.147619698578
0.0897739666007
0.2179621794
0.191516122235
0.234599701573
0.12009090441
0.156660742162
0.108110553051
0.0543800613189
0.0823580007803
0.051776133714
0.121556043632
0.0798167698656
0.107124444116
0.277680382394
0.0192629829061
0.190040741806
0.12885294475
0.105312772523
0.113513869363
0.186945753698
0.101031824101
0.0843225648789
0.0321825148946
0.0653537705077
0.143658100895
0.0444771805965
0.0160523348172
0.167096987631
0.118202856257
0.0844827315325
0.0972558268005
0.164101324817
0.19395508565
0.180508523749
0.285003864474
0.113572361645
0.139367269666
0.0934354475241
0.0814841881645
0.0626965870331
0.0586332261014
0.0368478129231
0.167935313356
0.213835835582
0.0830379885449
0.135354236008
0.224466006836
0.0301847580959
0.0504997219449
0.283634212479
0.201018649818
0.127938401044
0.133538584526
0.115056032258
0.143545300027
0.0854701405756
0.0502032614602
0.0396156510795
0.0733413773917
0.221368991728
0.102888705649
0.128098533891
0.0780557821317
0.209120401295
0.107103124005
0.0610337273122
0.202826368452
0.0524805232967
0.131955670244
0.0304702750082
0.237617918385
0.0660279705225
0.14623063929
0.13333654394
0.0428477610158
0.193203242687
0.085128879776
0.230239076089
0.124018768581
0.187298458749
0.0345946353334
0.137814487664
0.243218832749
0.13541870129
0.123675685643
0.0855972577021
0.136803758468
0.271725057318
0.0673362247934
0.288636776388
0.13226310505
0.219329339179
0.12855063607
0.391564971295
0.170361168169
0.0972173521145
0.0606247406439
0.113794403733
0.149414218074
0.0265621531322
0.0351271211362
0.108897981141
0.167582579729
0.159041658913
0.115688912355
0.246046820497
0.0457068747548
0.160320088237
0.164177522734
0.0858533194272
0.0829978313555
0.295804370531
0.140326955279
0.118267959597
0.191629172887
0.0293465154966
0.177644213146
0.0480763370738
0.225415375794
0.0893630752132
0.171045289449
0.0649286864944
0.00776018873331
0.0532763754333
0.0722891387646
0.0141517644294
0.131932180121
0.140072175897
0.11987330542
0.21737087042
0.195637244194
0.302992790336
0.252042352533
0.179495081353
0.184119493653
0.109680645282
0.0923645168191
0.141844943805
0.0562295631956
0.085925803372
0.0516114062496
0.379700704223
0.0880661173985
0.0558965099484
0.0656729902986
0.119702042625
0.140262363561
0.129408878285
0.0924888976929
0.0683462216454
0.137212331774
0.256168705983
0.431473598206
0.127119866465
0.0672930359021
0.158595987844
0.208638848942
0.134331657338
0.234750432626
0.225770676172
0.0840905894316
0.134607184923
0.495233774673
0.113715690601
0.133176171711
0.0946596512792
0.108127504398
0.222971647327
0.103689728514
0.0867906928769
0.131680669541
0.104045728947
0.0905463709318
0.0839424179065
0.233938653391
0.0980195615411
0.0647891998841
0.0773446825803
0.112859869641
0.207053480351
0.440288896155
0.0793601835648
0.09876367922
0.211606740492
0.0900790607918
0.165960725995
0.136382618657
0.3297006285
0.065562875902
0.0598743513194
0.0218072001411
0.0576724378972
0.135617764022
0.170416243695
0.254656071569
0.349593571335
0.205508813801
0.105251094544
0.177416910297
0.130578833981
0.0743905727643
0.23492694091
0.0887222735814
0.366669253302
0.135257621526
0.270738510959
0.0583410719482
0.0203107806695
0.343422376261
0.0555627636212
0.111391044537
0.04724949648
0.190141257569
0.0826115471007
0.067571273515
0.461759643406
0.318714402423
0.0309580416228
0.135075369573
0.0503732374377
0.200601569705
0.180030840464
0.407247287496
0.0206506488177
0.0777053046042
0.167160647765
0.0597786896509
0.0967709454869
0.149623446379
0.147713728813
0.0498775742921
0.0800429980509
0.130702207295
0.145421093906
0.151794654238
0.106840957355
0.209208901648
0.100859780896
0.253300443056
0.0972903069132
0.149237613509
0.105377470245
0.0784528303563
0.244694665074
0.0824420648514
0.136231792058
0.0709279148512
0.113043874974
0.123439098554
0.182975058682
0.0944218944009
0.06229521404
0.122703257406
0.16249975598
0.0778289228087
0.181814169239
0.143753702157
0.193523089225
0.176612786983
0.116452806598
0.0456906356019
0.0347362963634
0.123370088912
0.086760064356
0.294931465586
0.140617286184
0.0492791069447
0.152587768935
0.152049559379
0.0413458757493
0.221341063566
0.139022079105
0.170000377528
0.0839207580441
0.26759547515
0.108785822886
0.12099601297
0.0427416700807
0.110520348397
0.154613579583
0.161758196048
0.0754454307991
0.134146159243
0.214633593596
0.111809153517
0.168583728491
0.0906828133955
0.143426377774
0.172156808583
0.0992572033607
0.0878640675761
0.106640112953
0.0807475454536
0.0633484795229
0.177764633999
0.101546572091
0.12162764686
0.0531626347144
0.0691735636271
0.0998028406617
0.133589684784
0.106745410378
0.0756325047757
0.0197551754469
0.187030076779
0.174640487838
0.10342870233
0.080379630028
0.22029631366
0.113533457152
0.164902247278
0.106977849731
0.062002925565
0.086631088059
0.0830711953441
0.134116077173
0.0515423043982
0.0352496781209
0.0520264629847
0.0526898752877
0.120991120161
0.114062515984
0.0705029061454
0.257748750527
0.167548902363
0.087199724437
0.101930546209
0.110519722724
0.108740300316
0.134560984252
0.19058136077
0.213622490221
0.186505778501
0.0867051142167
0.088077105286
0.110081580031
0.23710334906
0.0954148620308
0.0505125297902
0.132391672822
0.0522623739053
0.103302744308
0.280440695941
0.055658299718
0.198839757825
0.0775144701937
0.0499950054968
0.184449306797
0.130064703858
0.12593737973
0.14974480972
0.134870162897
0.0523872775952
0.11718479635
0.0519467407219
0.181063682419
0.0348258893013
0.0721451495618
0.0411243107052
0.0878368798476
0.0525028124277
0.0950314144096
0.111756112981
0.152895307317
0.0766833245061
0.0601513016638
0.0698909327565
0.140128719466
0.355440501349
0.271444795018
0.0280729817802
0.114963292402
0.0894580808699
0.0857768038331
0.20877505761
0.0897739666007
0.0713635128828
0.191516122235
0.133715396652
0.12009090441
0.270410136115
0.108110553051
0.12100231829
0.0823580007803
0.0675031129821
0.121556043632
0.125126482996
0.107124444116
0.150363368401
0.0192629829061
0.0673103087518
0.12885294475
0.132706625173
0.113513869363
0.12154820327
0.101031824101
0.0725226671251
0.0321825148946
0.218752560208
0.143658100895
0.382457125537
0.0160523348172
0.19591193251
0.118202856257
0.140305713824
0.0972558268005
0.113805092545
0.19395508565
0.0795833626614
0.285003864474
0.512172258265
0.139367269666
0.0994708351423
0.0814841881645
0.138442387918
0.0586332261014
0.0895926645338
0.167935313356
0.182993784177
0.0830379885449
0.343086995678
0.224466006836
0.0487823124557
0.0504997219449
0.0515546793935
0.201018649818
0.159335247901
0.133538584526
0.0917161660176
0.143545300027
0.105312484127
0.0502032614602
0.18276302949
0.0733413773917
0.088340771993
0.102888705649
0.0512033292418
0.0780557821317
0.100847946638
0.107103124005
0.0750042313328
0.202826368452
0.0890375334682
0.131955670244
0.124298608083
0.237617918385
0.0787331362551
0.14623063929
0.103893339281
0.0428477610158
0.149589234794
0.085128879776
0.246482156199
0.124018768581
0.211860719897
0.0345946353334
0.102153934598
0.243218832749
0.108151451789
0.123675685643
0.220127296524
0.136803758468
0.24508644235
0.0673362247934
0.159323256789
0.13226310505
0.0287656115375
0.12855063607
0.038883765711
0.170361168169
0.143169198715
0.0606247406439
0.0780362997406
0.149414218074
0.110651642872
0.0351271211362
0.229755413921
0.167582579729
0.136627018146
0.115688912355
0.179002533734
0.0457068747548
0.164177522734
0.093018510892
0.0829978313555
0.0878028240316
0.140326955279
0.2182575536
0.191629172887
0.121425966942
0.177644213146
0.181571532429
0.225415375794
0.193237043572
0.171045289449
0.0980235731237
0.00776018873331
0.059446196994
0.0722891387646
0.106928346347
0.131932180121
0.101106654003
0.11987330542
0.0565289208834
0.195637244194
0.166314409961
0.252042352533
0.0702163604837
0.184119493653
0.265430049856
0.0923645168191
0.181922184592
0.0562295631956
0.167306037576
0.0516114062496
0.0832652550734
0.0880661173985
0.15393039059
0.0656729902986
0.0919934593668
0.140262363561
0.0454066761737
0.0924888976929
0.165620947281
0.137212331774
0.0643551203627
0.431473598206
0.216377541069
0.0672930359021
0.145758124612
0.208638848942
0.0731055335845
0.234750432626
0.056694764457
0.0840905894316
0.183217249303
0.495233774673
0.120843470806
0.133176171711
0.128297948388
0.108127504398
0.055202507753
0.103689728514
0.117938245197
0.104045728947
0.140707177348
0.0839424179065
0.289009287031
0.0980195615411
0.0598152675444
0.0773446825803
0.0114920272527
0.112859869641
0.0516383590487
0.440288896155
0.136104476683
0.09876367922
0.224438396184
0.0900790607918
0.169923879523
0.3297006285
0.313464766158
0.0598743513194
0.0689503594934
0.0218072001411
0.316702172812
0.135617764022
0.150854398425
0.349593571335
0.0630723213727
0.105251094544
0.290747191177
0.130578833981
0.103366300328
0.0743905727643
0.084377666264
0.366669253302
0.0631068834757
0.270738510959
0.189325119945
0.0583410719482
0.0434463701266
0.0555627636212
0.213207403304
0.111391044537
0.116664717667
0.190141257569
0.0745885704338
0.067571273515
0.0967019434333
0.0309580416228
0.146400887065
0.0503732374377
0.104332532747
0.180030840464
0.0906280539311
0.407247287496
0.108558034175
0.0777053046042
0.210534145729
0.0597786896509
0.0844613038662
0.149623446379
0.0792650853038
0.0800429980509
0.115200193651
0.145421093906
0.20654893622
0.151794654238
0.061167217229
0.100859780896
0.187931249854
0.0972903069132
0.0704147266164
0.105377470245
0.124699481621
0.0784528303563
0.136231792058
0.298696091249
0.0709279148512
0.189291009307
0.0775191295363
0.123439098554
0.0944218944009
0.245909433078
0.122703257406
0.115817219945
0.065551423789
0.181814169239
0.143753702157
0.173951516798
0.164690916587
0.116452806598
0.0809161570966
0.0347362963634
0.123370088912
0.164752698407
0.286997055437
0.140617286184
0.0573654770431
0.0492791069447
0.0658531164421
0.0413458757493
0.167970172058
0.139022079105
0.104996976422
0.0839207580441
0.114819326871
0.108785822886
0.0296074712413
0.12099601297
0.110520348397
0.212737901624
0.161758196048
0.130563107049
0.134146159243
0.110545609035
0.214633593596
0.0364314519561
0.168583728491
0.238906269208
0.295212620506
0.172156808583
0.0878640675761
0.140300259256
0.0807475454536
0.131858354595
0.177764633999
0.16945800937
0.12162764686
0.139408657958
0.0691735636271
0.118966388717
0.133589684784
0.0750805394102
0.0756325047757
0.149441015167
0.273890883047
0.187030076779
0.10342870233
0.206393247536
0.22029631366
0.19561106208
0.156612243829
0.164902247278
0.062002925565
0.241162077937
0.221018114366
0.0830711953441
0.0515423043982
0.155440511304
0.0520264629847
0.269341575149
0.120991120161
0.144607530766
0.134417329631
0.0705029061454
0.167548902363
0.202947753463
0.101930546209
0.140361567606
0.108740300316
0.0950841237478
0.19058136077
0.223079113742
0.186505778501
0.0528297171453
0.088077105286
0.113834561066
0.23710334906
0.190519626899
0.0327710490779
0.0505125297902
0.0522623739053
0.0534983520013
0.13962496251
0.280440695941
0.198839757825
0.142001519661
0.0499950054968
0.202093116837
0.296518209861
0.130064703858
0.106741518867
0.14974480972
0.0523872775952
0.0519467407219
0.128724324788
0.241159725537
0.0348258893013
0.0411243107052
0.11236235706
0.0525028124277
0.110495224747
0.111756112981
0.154250757154
0.0766833245061
0.203924921596
0.0698909327565
0.159784093388
0.355440501349
0.241728854305
0.018935282834
0.0280729817802
0.0894580808699
0.133776175667
0.20877505761
0.0323430020647
0.0713635128828
0.0916845232461
0.133715396652
0.134550887243
0.270410136115
0.121127607053
0.12100231829
0.0575476267114
0.0675031129821
0.11424669337
0.125126482996
0.26804254306
0.150363368401
0.0472363396288
0.0673103087518
0.122800838294
0.0507431122865
0.132706625173
0.110789211618
0.12154820327
0.0725226671251
0.131996573946
0.218752560208
0.0612503273644
0.0770283782283
0.382457125537
0.112232417266
0.19591193251
0.0512217375655
0.140305713824
0.113805092545
0.141558254628
0.0795833626614
0.152549237855
0.512172258265
0.148188605399
0.0994708351423
0.224510616352
0.138442387918
0.0715806216976
0.0895926645338
0.199508143078
0.182993784177
0.16263534074
0.343086995678
0.229056462251
0.0487823124557
0.195955231948
0.0846838667845
0.0515546793935
0.159335247901
0.0724707209555
0.11992260931
0.0917161660176
0.105312484127
0.187855154943
0.18276302949
0.11909378002
0.109145554431
0.088340771993
0.0512033292418
0.0828545531668
0.100847946638
0.112103641702
0.215179878581
0.0750042313328
0.0890375334682
0.116869126194
0.126757506928
0.124298608083
0.0787331362551
0.152053146869
0.0663981580865
0.103893339281
0.149589234794
0.116174260458
0.246482156199
0.279223624691
0.211860719897
0.097404094555
0.106197070907
0.102153934598
0.108151451789
0.151032304464
0.100635902901
0.220127296524
0.24508644235
0.0990226459013
0.0234880317391
0.159323256789
0.163858423524
0.0287656115375
0.00720210053987
0.038883765711
0.143169198715
0.139596670673
0.0874247020188
0.0780362997406
0.110651642872
0.222072644999
0.14818850049
0.229755413921
0.136627018146
0.0831597347212
0.179002533734
0.0314565212343
0.093018510892
0.104808756253
0.0878028240316
0.204218426075
0.2182575536
0.128795188991
0.121425966942
0.127976563574
0.0182252145539
0.181571532429
0.193237043572
0.161957075083
0.0980235731237
0.134722079904
0.115900051345
0.059446196994
0.112759817664
0.106928346347
0.341413651526
0.101106654003
0.121902128882
0.0565289208834
0.073561608782
0.166314409961
0.0702163604837
0.201432052677
0.265430049856
0.222391882864
0.181922184592
0.132639686797
0.276771209135
0.167306037576
0.0832652550734
0.155479007497
0.15393039059
0.0660419689353
0.317484808042
0.0919934593668
0.171309427257
0.0454066761737
0.0419512459626
0.165620947281
0.0518103984272
0.0643551203627
0.180379948449
0.216377541069
0.145758124612
0.0720686243245
0.0963627362934
0.0731055335845
0.056694764457
0.110221581869
0.183217249303
0.171781338617
0.302948253438
0.120843470806
0.098042975162
0.128297948388
0.055202507753
0.0990345981551
0.117938245197
0.0169435440505
0.140707177348
0.033911664401
0.0964376383431
0.289009287031
0.0598152675444
0.0720329846212
0.0114920272527
0.404707599128
0.197009791134
0.0516383590487
0.136104476683
0.204896395119
0.224438396184
0.0446672076565
0.169923879523
0.1374501829
0.313464766158
0.23461481229
0.0334827655259
0.0689503594934
0.316702172812
0.069054557059
0.150854398425
0.394224741429
0.0630723213727
0.0736082802768
0.290747191177
0.198791361817
0.103366300328
0.084377666264
0.0274706173432
0.0631068834757
0.0593682430378
0.189325119945
0.254561134703
0.0434463701266
0.0818389987276
0.213207403304
0.11803904337
0.116664717667
0.150020764102
0.0745885704338
0.214691884591
0.0967019434333
0.0729303406658
0.146400887065
0.179846294667
0.104332532747
0.275586194927
0.0906280539311
0.212545600861
0.108558034175
0.210534145729
0.0923558097743
0.0844613038662
0.0858849246635
0.0792650853038
0.115200193651
0.20654893622
0.112475498071
0.061167217229
0.105528961925
0.187931249854
0.0844557403173
0.0704147266164
0.0406759505025
0.124699481621
0.20893709629
0.298696091249
0.189291009307
0.116141567225
0.0775191295363
0.0991457412529
0.245909433078
0.0217368916179
0.115817219945
0.0389265305414
0.065551423789
0.173951516798
0.0998016152752
0.164690916587
0.153021438455
0.0809161570966
0.363289046031
0.164752698407
0.0984364449113
0.286997055437
0.118811662335
0.0573654770431
0.294519077757
0.0658531164421
0.158004394895
0.167970172058
0.0613146597776
0.104996976422
0.0612313054071
0.114819326871
0.065217810536
0.0296074712413
0.212737901624
0.207843906341
0.130563107049
0.184521026437
0.110545609035
0.28473029709
0.0364314519561
0.238145146036
0.238906269208
0.295212620506
0.402341384955
0.140300259256
0.0733675076986
0.159227278044
0.131858354595
0.126976335638
0.16945800937
0.139294471281
0.139408657958
0.118966388717
0.0781371385675
0.0750805394102
0.115529285825
0.149441015167
0.0658051645515
0.273890883047
0.0738666774543
0.206393247536
0.274069820053
0.19561106208
0.01686596391
0.156612243829
0.0664586550734
0.241162077937
0.192262193136
0.221018114366
0.162062530045
0.155440511304
0.136870786863
0.269341575149
0.0444944245593
0.144607530766
0.105818024642
0.134417329631
0.0901945997372
0.202947753463
0.140361567606
0.169486683516
0.0950841237478
0.167608026946
0.223079113742
0.186086751748
0.0528297171453
0.122970848847
0.113834561066
0.190519626899
0.0965281843454
0.0327710490779
0.139657080725
0.0534983520013
0.13962496251
0.0132246001506
0.142001519661
0.202093116837
0.212710407841
0.143152189125
0.296518209861
0.106741518867
0.329160502215
0.0579751992014
0.144827383237
0.128724324788
0.0415228705599
0.241159725537
0.103895154568
0.11236235706
0.231078445762
0.110495224747
0.0743903655248
0.154250757154
0.0263944499803
0.203924921596
0.0796086249935
0.159784093388
0.0231892694477
0.189185674869
0.241728854305
0.147231252856
0.018935282834
0.10154853346
0.133776175667
0.21666078237
0.0323430020647
0.167293528133
0.0916845232461
0.238537174018
0.134550887243
0.0545884402467
0.121127607053
0.0267876227055
0.0575476267114
0.0570592140664
0.11424669337
0.125274269805
0.26804254306
0.134936482876
0.0472363396288
0.188847479903
0.122800838294
0.1105239345
0.0507431122865
0.0816000072377
0.110789211618
0.238821896253
0.131996573946
0.0908045820805
0.0612503273644
0.0853756831344
0.0770283782283
0.081564851424
0.112232417266
0.137610285165
0.0512217375655
0.123762749784
0.141558254628
0.100304142859
0.152549237855
0.0615893530404
0.148188605399
0.0973812817823
0.224510616352
0.105465652738
0.0715806216976
0.0706634550931
0.199508143078
0.130473719198
0.16263534074
0.0488461795294
0.229056462251
0.0515709334642
0.195955231948
0.112881831422
0.0846838667845
0.118576020296
0.0724707209555
0.0949576982342
0.11992260931
0.082267477233
0.187855154943
0.0967782836992
0.11909378002
0.172965385649
0.109145554431
0.0685152204904
0.0828545531668
0.283786946783
0.112103641702
0.271948700134
0.215179878581
0.0828854266035
0.116869126194
0.0777614617699
0.126757506928
0.239489246531
0.152053146869
0.0883551856946
0.0663981580865
0.156287245136
0.116174260458
0.0607636352822
0.279223624691
0.0940685207352
0.097404094555
0.0509993934775
0.106197070907
0.249858520189
0.151032304464
0.171949420749
0.100635902901
0.228064301452
0.0990226459013
0.119009407153
0.0234880317391
0.112682235881
0.163858423524
0.0473462754194
0.00720210053987
0.0615749805257
0.139596670673
0.154399830058
0.0874247020188
0.127655442041
0.222072644999
0.0846980372371
0.14818850049
0.270755786159
0.0831597347212
0.126547432037
0.0314565212343
0.107733845031
0.104808756253
0.107697847973
0.204218426075
0.0603296736945
0.128795188991
0.125778872974
0.127976563574
0.118461564153
0.0182252145539
0.016421460148
0.161957075083
0.0835757345557
0.134722079904
0.139718721651
0.115900051345
0.255954189651
0.112759817664
0.128224127808
0.341413651526
0.0721113674298
0.121902128882
0.262983840726
0.073561608782
0.0696127975878
0.201432052677
0.136396235493
0.222391882864
0.0940700217077
0.132639686797
0.108259707163
0.276771209135
0.0641165555355
0.155479007497
0.180734823578
0.0660419689353
0.235837686885
0.317484808042
0.224714610194
0.171309427257
0.0989286813013
0.0419512459626
0.221439361529
0.0518103984272
0.0918790602301
0.180379948449
0.132585669047
0.0720686243245
0.123923438066
0.0963627362934
0.0537012525545
0.110221581869
0.0842397116756
0.171781338617
0.102303436432
0.302948253438
0.27929198763
0.098042975162
0.113854709682
0.0990345981551
0.0922926279263
0.0169435440505
0.0512361645419
0.033911664401
0.203506104872
0.0964376383431
0.134303075389
0.0720329846212
0.443988917936
0.404707599128
0.0664744141903
0.197009791134
0.081792128445
0.204896395119
0.0654989828739
0.0446672076565
0.100544098495
0.1374501829
0.138168206496
0.23461481229
0.108280787527
0.0334827655259
0.0383441462757
0.069054557059
0.0372170898945
0.394224741429
0.0532735088665
0.0736082802768
0.265821024935
0.198791361817
0.0978918509301
0.0274706173432
0.0982944354059
0.0593682430378
0.146033905338
0.254561134703
0.0702974717849
0.0818389987276
0.119049250577
0.11803904337
0.0797361673556
0.150020764102
0.0881775377487
0.214691884591
0.0732050346364
0.0729303406658
0.120187188243
0.179846294667
0.122131030842
0.275586194927
0.0550965998825
0.212545600861
0.168801662889
0.0923558097743
0.0614578205756
0.0858849246635
0.0767110637061
0.112475498071
0.0512716105255
0.105528961925
0.0929425628941
0.0844557403173
0.1991465764
0.0406759505025
0.065634357058
0.20893709629
0.117275251861
0.116141567225
0.0920156518924
0.0991457412529
0.348689745099
0.0217368916179
0.102829735703
0.0389265305414
0.173318856103
0.0998016152752
0.0705405153621
0.153021438455
0.105260783152
0.363289046031
0.219108361309
0.0984364449113
0.156597019512
0.118811662335
0.0606160782767
0.294519077757
0.104818754117
0.158004394895
0.167065272169
0.0613146597776
0.0599277149703
0.0612313054071
0.113617558642
0.065217810536
0.089599063885
0.207843906341
0.192836022275
0.184521026437
0.0702216987996
0.28473029709
0.108955241811
0.238145146036
0.156747838932
0.402341384955
0.154396740121
0.0733675076986
0.138297054583
0.159227278044
0.02230331785
0.126976335638
0.0748609826026
0.139294471281
0.0869704321358
0.0781371385675
0.0629137320756
0.115529285825
0.0632206678995
0.0658051645515
0.0970940601439
0.0738666774543
0.0401884076396
0.274069820053
0.0394599345684
0.01686596391
0.127226799915
0.0664586550734
0.06285885212
0.192262193136
0.149880735898
0.162062530045
0.133316877033
0.136870786863
0.27221069098
0.0444944245593
0.0974700810743
0.105818024642
0.157177586486
0.0901945997372
0.035694741635
0.169486683516
0.0591361374032
0.167608026946
0.14473446433
0.186086751748
0.0743394235673
0.122970848847
0.0559012418988
0.0965281843454
0.0611947070595
0.139657080725
0.0631532584733
0.0132246001506
0.0691959293558
0.212710407841
0.14043194712
0.143152189125
0.0932493838945
0.329160502215
0.142327869872
0.144827383237
0.165241380753
0.0415228705599
0.0544910936766
0.103895154568
0.149692698462
0.231078445762
0.0652910780858
0.0743903655248
0.0734569120324
0.0263944499803
0.0796086249935
0.176922232688
0.0231892694477
0.172225241556
0.189185674869
0.189700478669
0.147231252856
0.0989291110203
0.10154853346
0.114188744013
0.0973973802306
0.167293528133
0.219951920616
0.238537174018
0.106156808845
0.0545884402467
0.165115648157
0.0819545417785
0.0267876227055
0.12588475283
0.0570592140664
0.125274269805
0.230606014015
0.180626162651
0.134936482876
0.188847479903
0.12497555674
0.223150778265
0.1105239345
0.0816000072377
0.03091253444
0.114594719935
0.238821896253
0.0908045820805
0.00619489761213
0.0853756831344
0.0422495885067
0.165982274431
0.081564851424
0.137610285165
0.138016621958
0.123762749784
0.0262029883356
0.100304142859
0.0545529403546
0.0615893530404
0.241177436985
0.160646561607
0.0973812817823
0.105465652738
0.205483820445
0.141242454555
0.0706634550931
0.130473719198
0.185096076207
0.0488461795294
0.174605325833
0.203658378589
0.0515709334642
0.112881831422
0.0561111913427
0.118576020296
0.364058462157
0.0949576982342
0.0666058267179
0.082267477233
0.158105841282
0.373305158229
0.0967782836992
0.172965385649
0.0707281829079
0.122980861262
0.0685152204904
0.283786946783
0.038702696033
0.271948700134
0.138979078134
0.149009801641
0.0828854266035
0.122021415763
0.0777614617699
0.0819186894601
0.239489246531
0.119781521683
0.0883551856946
0.156287245136
0.233972915191
0.0708496367914
0.0607636352822
0.0658003583898
0.0940685207352
0.245975631065
0.0509993934775
0.0877732144468
0.249858520189
0.00717350686148
0.171949420749
0.12124383996
0.228064301452
0.119009407153
0.103935497746
0.112682235881
0.152931649811
0.135783972753
0.0473462754194
0.142581941167
0.0615749805257
0.0580902694822
0.154399830058
0.214176597814
0.127655442041
0.0908722474436
0.0846980372371
0.0820488685484
0.270755786159
0.0527336005729
0.126547432037
0.107733845031
0.114786510749
0.0768029986319
0.107697847973
0.0603296736945
0.314625050295
0.125778872974
0.129309662185
0.158303859663
0.118461564153
0.016421460148
0.106743450289
0.0835757345557
0.0921598402521
0.139718721651
0.403912669324
0.189127912591
0.255954189651
0.0496388726682
0.128224127808
0.0721113674298
0.262983840726
0.101466544443
0.0696127975878
0.0862378251058
0.136396235493
0.0576047492689
0.0940700217077
0.0928332012803
0.108259707163
0.0641165555355
0.0937105565979
0.180734823578
0.116366053233
0.235837686885
0.0255609793794
0.224714610194
0.016835863764
0.0989286813013
0.111927265515
0.221439361529
0.0859815911654
0.155561571201
0.0918790602301
0.132585669047
0.167628208798
0.123923438066
0.189298612649
0.101976247644
0.0537012525545
0.0842397116756
0.0967318682274
0.0478520880505
0.102303436432
0.122395875384
0.27929198763
0.204396235693
0.113854709682
0.0922926279263
0.107072978313
0.0512361645419
0.183330789901
0.203506104872
0.132050465529
0.15085004025
0.134303075389
0.443988917936
0.206153708836
0.177694753702
0.0664744141903
0.0963915767341
0.081792128445
0.207831006851
0.0654989828739
0.100544098495
0.0317054805632
0.138168206496
0.0753255217056
0.108280787527
0.314964743787
0.0607849544178
0.0383441462757
0.0372170898945
0.0584869439306
0.0532735088665
0.162475905974
0.265821024935
0.141186717901
0.165619000322
0.0978918509301
0.0527547417928
0.0982944354059
0.0616269834333
0.146033905338
0.0515830577535
0.0702974717849
0.0587367719173
0.119049250577
0.0797361673556
0.174180406515
0.0881775377487
0.34844403214
0.169680651762
0.0732050346364
0.194400181271
0.120187188243
0.137460297462
0.122131030842
0.0550965998825
0.0152982676439
0.0905526916429
0.168801662889
0.278151501617
0.0614578205756
0.0451461533157
0.0767110637061
0.0419160026154
0.0512716105255
0.125442878629
0.0929425628941
0.1991465764
0.0468636924941
0.0577991217498
0.065634357058
0.106480216855
0.117275251861
0.100457619917
0.0920156518924
0.348689745099
0.301487628105
0.102829735703
0.068598631341
0.227572955611
0.173318856103
0.0705405153621
0.142852903233
0.0994643624099
0.105260783152
0.219108361309
0.0987712774088
0.156597019512
0.159660754183
0.110966869754
0.0606160782767
0.104818754117
0.046222129913
0.0479783748599
0.167065272169
0.0881616333708
0.0599277149703
0.112322672783
0.113617558642
0.133848140813
0.089599063885
0.192836022275
0.0702216987996
0.14816522725
0.108955241811
0.0558760067258
0.125915656865
0.156747838932
0.0681500626583
0.154396740121
0.138297054583
0.041745637623
0.02230331785
0.233020695954
0.0748609826026
0.0746779901724
0.0869704321358
0.212602429252
0.0629137320756
0.0746156589022
0.0632206678995
0.188735760794
0.0970940601439
0.147122534873
0.114893141531
0.0401884076396
0.0394599345684
0.180922134626
0.123291859235
0.127226799915
0.06285885212
0.0847192847897
0.149880735898
0.183423379599
0.148373982157
0.133316877033
0.271245728433
0.27221069098
0.0919014668442
0.0974700810743
0.0310671451267
0.157177586486
0.11527858653
0.035694741635
0.0511025416083
0.149487315902
0.14473446433
0.147690029247
0.0743394235673
0.113980086003
0.0559012418988
0.135366187284
0.0611947070595
0.218235028504
0.0631532584733
0.0691959293558
0.0662285427429
0.112613960986
0.14043194712
0.0932493838945
0.191380761781
0.0362349307984
0.142327869872
0.13654186769
0.165241380753
0.168753925296
0.0544910936766
0.149692698462
0.259085516978
0.0652910780858
0.096413671308
0.128239906492
0.0734569120324
0.104623945079
0.176922232688
0.172225241556
0.155861281861
0.189700478669
0.132954328412
0.0989291110203
0.05310672392
0.169240404303
0.114188744013
0.161773155981
0.0973973802306
0.219951920616
0.189680568046
0.0724698598927
0.106156808845
0.264482387346
0.165115648157
0.0595111542748
0.0819545417785
0.111180527108
0.12588475283
0.106623650929
0.230606014015
0.0969768374937
0.180626162651
0.196500507255
0.12497555674
0.301929275169
0.223150778265
0.03091253444
0.115219292974
0.114594719935
0.350382032619
0.099571154459
0.00619489761213
0.0806520727594
0.0422495885067
0.114890987188
0.165982274431
0.15797314404
0.138016621958
0.183087818645
0.0262029883356
0.0443060426799
0.0545529403546
0.394950105695
0.241177436985
0.160646561607
0.0568607360543
0.0434827904651
0.205483820445
0.141242454555
0.231937625612
0.185096076207
0.0540121599325
0.174605325833
0.0563616091373
0.203658378589
0.0561111913427
0.0291510873644
0.364058462157
0.157195194495
0.0666058267179
0.158105841282
0.143781325548
0.373305158229
0.104047702928
0.0707281829079
0.228073194893
0.122980861262
0.038702696033
0.138979078134
0.22402597778
0.149009801641
0.190810155744
0.122021415763
0.158690585117
0.0819186894601
0.085122506797
0.119781521683
0.233972915191
0.0708496367914
0.15146383092
0.0658003583898
0.159920678141
0.245975631065
0.168543655244
0.0877732144468
0.00717350686148
0.0879486133784
0.198444865214
0.12124383996
0.139786766943
0.103935497746
0.0981749935337
0.147760462439
0.152931649811
0.135783972753
0.110175020973
0.1945047011
0.142581941167
0.0580902694822
0.141841604912
0.214176597814
0.133822731382
0.0908722474436
0.220993494906
0.0820488685484
0.0527336005729
0.115561658167
0.12274364973
0.114786510749
0.111598596114
0.0768029986319
0.314625050295
0.201809081962
0.129309662185
0.144621841416
0.158303859663
0.038221829306
0.106743450289
0.175995901221
0.0921598402521
0.0955365052518
0.403912669324
0.337564239386
0.189127912591
0.089267058639
0.0496388726682
0.23050192733
0.190166787339
0.195351802048
0.101466544443
0.124992297839
0.0862378251058
0.192357089646
0.0576047492689
0.182505496366
0.0928332012803
0.149292698413
0.0937105565979
0.336430798862
0.116366053233
0.264697846737
0.0255609793794
0.0593677115031
0.016835863764
0.175127621781
0.111927265515
0.19278604881
0.0859815911654
0.200490149707
0.155561571201
0.218509634977
0.167628208798
0.163236578882
0.189298612649
0.144119467112
0.101976247644
0.287882583967
0.0967318682274
0.0873821145982
0.0478520880505
0.108856178455
0.122395875384
0.0604575716839
0.204396235693
0.103139310944
0.107072978313
0.161594453962
0.183330789901
0.0743217037576
0.132050465529
0.0633866320957
0.15085004025
0.0829942769425
0.206153708836
0.0927941003426
0.177694753702
0.254672669166
0.0963915767341
0.363976692947
0.207831006851
0.147360988629
0.0317054805632
0.244045366704
0.0753255217056
0.0617713563333
0.314964743787
0.162165771257
0.0607849544178
0.0993296308809
0.0584869439306
0.0791951549156
0.162475905974
0.256276482747
0.141186717901
0.283072106762
0.165619000322
0.184174749542
0.0527547417928
0.307638684373
0.0616269834333
0.0952465764099
0.0515830577535
0.219251527261
0.0587367719173
0.102893846655
0.174180406515
0.0983512540548
0.34844403214
0.0366678681142
0.169680651762
0.0661497721535
0.194400181271
0.0210363539417
0.137460297462
0.0480160741179
0.0152982676439
0.0780765550594
0.0905526916429
0.0728558308134
0.278151501617
0.0343020299448
0.0451461533157
0.188933336085
0.0419160026154
0.10161434864
0.125442878629
0.209106659645
0.0468636924941
0.039052197267
0.0577991217498
0.0968967387059
0.106480216855
0.121798608333
0.100457619917
0.0303474227323
0.301487628105
0.0226959037318
0.068598631341
0.0722389618232
0.227572955611
0.121195922893
0.142852903233
0.127534027637
0.0994643624099
0.24933660539
0.0987712774088
0.0649276632769
0.159660754183
0.266709726979
0.110966869754
0.202993238114
0.046222129913
0.0405077191841
0.0479783748599
0.0786801030937
0.0881616333708
0.113752746685
0.112322672783
0.139289834954
0.133848140813
0.105531641896
0.203341442613
0.0853189472653
0.14816522725
0.0650738722411
0.0558760067258
0.0332082277467
0.125915656865
0.135813225069
0.0681500626583
0.19047214291
0.041745637623
0.125279097246
0.233020695954
0.281056608351
0.0746779901724
0.292307786125
0.212602429252
0.196655516668
0.0746156589022
0.121343562066
0.188735760794
0.095637412603
0.147122534873
0.337656445817
0.114893141531
0.255854179225
0.180922134626
0.240667562969
0.123291859235
0.110725834866
0.0847192847897
0.286880349768
0.183423379599
0.0878385840843
0.148373982157
0.0823693255426
0.271245728433
0.0911600501869
0.0919014668442
0.0981517283024
0.0310671451267
0.0679958357391
0.11527858653
0.0847643879215
0.0511025416083
0.240941795289
0.149487315902
0.0568311390732
0.147690029247
0.220921764611
0.113980086003
0.0786152296055
0.135366187284
0.0325942256772
0.218235028504
0.147418708714
0.0662285427429
0.0475958701184
0.112613960986
0.120562112929
0.191380761781
0.0503258901328
0.0362349307984
0.195858103626
0.13654186769
0.0383220701195
0.168753925296
0.0600203329341
0.259085516978
0.0796727467644
0.096413671308
0.163845677702
0.128239906492
0.104623945079
0.0253714311153
0.155861281861
0.246349070935
0.0994173605435
0.132954328412
0.05310672392
0.0624211205696
0.169240404303
0.214314370683
0.0495631807214
0.161773155981
0.153769725156
0.189680568046
0.0842760427912
0.0724698598927
0.264482387346
0.121488212166
0.0595111542748
0.215518904539
0.111180527108
0.248291252695
0.106623650929
0.0718297355037
0.049107373496
0.0969768374937
0.196500507255
0.14935818607
0.165099543239
0.301929275169
0.115219292974
0.142972360715
0.173139798586
0.350382032619
0.133479894431
0.099571154459
0.0806520727594
0.128116574406
0.114890987188
0.0536853390327
0.110259971837
0.15797314404
0.183087818645
0.0809981571221
0.196619157444
0.0443060426799
0.394950105695
0.142415736486
0.0596145243234
0.0568607360543
0.127373349842
0.0434827904651
0.0733006805594
0.137939154962
0.105839922608
0.231937625612
0.160065015921
0.0540121599325
0.131284924971
0.0563616091373
0.0291510873644
0.269433975474
0.157195194495
0.035229293536
0.145901214413
0.0974714174579
0.143781325548
0.0687542877398
0.14886574724
0.104047702928
0.133818857482
0.228073194893
0.22402597778
0.0785815398872
0.235741636809
0.190810155744
0.158690585117
0.0610043468117
0.102409269991
0.085122506797
0.216360014002
0.15146383092
0.0971334027434
0.159920678141
0.168543655244
0.0755273395476
0.0879486133784
0.0712849568273
0.198444865214
0.131559807434
0.139786766943
0.106226622803
0.0981749935337
0.224744329313
0.147760462439
0.279449788944
0.110175020973
0.148982326933
0.118909943937
0.1945047011
0.17059817836
0.141841604912
0.186077896624
0.133822731382
0.220993494906
0.0866013968875
0.124413752393
0.115561658167
0.12274364973
0.179980956911
0.111598596114
0.0848548145521
0.201809081962
0.0881740299776
0.145294486263
0.144621841416
0.171462427105
0.038221829306
0.175995901221
0.122501340288
0.0955365052518
0.212041458531
0.116658950608
0.337564239386
0.144432680306
0.089267058639
0.23050192733
0.15234997601
0.113727503986
0.195351802048
0.0976074119405
0.124992297839
0.192357089646
0.235179645145
0.182505496366
0.0352806996602
0.1663328194
0.149292698413
0.16343617611
0.336430798862
0.182880282273
0.264697846737
0.0593677115031
0.132275901692
0.175127621781
0.0836688847267
0.19278604881
0.0704043765044
0.200490149707
0.109399787177
0.218509634977
0.0491331843188
0.163236578882
0.0429612274846
0.144119467112
0.0847500831328
0.287882583967
0.0598350991949
0.0873821145982
0.0402520196063
0.108856178455
0.174026823706
0.0604575716839
0.195205928275
0.103139310944
0.173678330441
0.161594453962
0.206071915587
0.0743217037576
0.0832615363878
0.0633866320957
0.131333901898
0.0829942769425
0.0447844631851
0.0927941003426
0.112120699471
0.254672669166
0.0336034206951
0.363976692947
0.0372712555521
0.147360988629
0.0831064856988
0.244045366704
0.355121856464
0.0617713563333
0.115957396287
0.162165771257
0.138862846898
0.0993296308809
0.111932664585
0.0791951549156
0.0650766776627
0.256276482747
0.0294560285485
0.283072106762
0.0406698279084
0.184174749542
0.141257508945
0.307638684373
0.176055529719
0.0952465764099
0.128028263867
0.219251527261
0.100047082585
0.102893846655
0.0793552070175
0.0983512540548
0.166914925891
0.0366678681142
0.108300979443
0.0661497721535
0.112396410275
0.0210363539417
0.110110971803
0.0480160741179
0.099473087611
0.0780765550594
0.188928425922
0.0728558308134
0.082174176294
0.0343020299448
0.0837189954984
0.188933336085
0.141662506191
0.10161434864
0.080088053811
0.209106659645
0.217057862281
0.039052197267
0.096869129595
0.0968967387059
0.227506554348
0.121798608333
0.122113581886
0.0303474227323
0.290176070082
0.0226959037318
0.165714418482
0.0722389618232
0.141481913385
0.121195922893
0.0384949442441
0.127534027637
0.14933415922
0.24933660539
0.0760329828493
0.0649276632769
0.108381979795
0.266709726979
0.0451715201788
0.202993238114
0.113386719781
0.0405077191841
0.0928878463954
0.0786801030937
0.125862578287
0.113752746685
0.276815384892
0.139289834954
0.0537220689694
0.105531641896
0.076237045806
0.0853189472653
0.17061068083
0.0650738722411
0.199250573758
0.0332082277467
0.0974279235127
0.135813225069
0.239022185262
0.19047214291
0.112768857003
0.125279097246
0.121577661867
0.281056608351
0.0298596896195
0.292307786125
0.13431023168
0.196655516668
0.127250536846
0.121343562066
0.070186569845
0.095637412603
0.163617686859
0.337656445817
0.19916671905
0.255854179225
0.205184576748
0.240667562969
0.132137602822
0.110725834866
0.0319346983792
0.286880349768
0.0671367449579
0.0878385840843
0.0646814181514
0.0823693255426
0.0602604365184
0.0911600501869
0.0340898078016
0.0981517283024
0.260162768729
0.0679958357391
0.168227196903
0.0847643879215
0.115224714411
0.240941795289
0.0818028537432
0.0568311390732
0.317676996591
0.220921764611
0.105164904516
0.0786152296055
0.21277084529
0.0325942256772
0.113659594811
0.147418708714
0.158074148202
0.0475958701184
0.114868650977
0.120562112929
0.0712284823413
0.0503258901328
0.129148174312
0.195858103626
0.0605725337927
0.0383220701195
0.0902537062378
0.0600203329341
0.120211138843
0.0796727467644
0.138445579843
0.163845677702
0.133019349462
0.0253714311153
0.108711388934
0.246349070935
0.145146919554
0.0994173605435
0.017582072112
0.0624211205696
0.11785318238
0.214314370683
0.0770481017208
0.0495631807214
0.148358027003
0.153769725156
0.209118429984
0.0842760427912
0.168551954981
0.121488212166
0.130361293156
0.215518904539
0.046617619516
0.248291252695
0.119155052632
0.0718297355037
0.0600907466865
0.049107373496
0.0344539681774
0.14935818607
0.145791976908
0.165099543239
0.214167120885
0.142972360715
0.148359639303
0.173139798586
0.114318190091
0.133479894431
0.132832481162
0.128116574406
0.0489078412875
0.0536853390327
0.101754573899
0.110259971837
0.0651904322746
0.0809981571221
0.17262747989
0.196619157444
0.119658420513
0.142415736486
0.0827021280949
0.0596145243234
0.0778390577509
0.127373349842
0.100728445478
0.0733006805594
0.0453949486917
0.105839922608
0.13790375127
0.160065015921
0.0573128068844
0.131284924971
0.157004088397
0.269433975474
0.0744174354043
0.035229293536
0.170458358378
0.145901214413
0.134236259224
0.0687542877398
0.0757677117197
0.14886574724
0.230375390426
0.133818857482
0.0316088850605
0.0785815398872
0.114930033218
0.235741636809
0.132356296717
0.0610043468117
0.0267713053155
0.102409269991
0.144928443879
0.216360014002
0.107649188202
0.0971334027434
0.157726054071
0.0755273395476
0.114765559767
0.0712849568273
0.0656440706855
0.131559807434
0.20427176613
0.106226622803
0.109886956696
0.224744329313
0.0896627404157
0.279449788944
0.0897412363167
0.148982326933
0.0528114374797
0.118909943937
0.0910992384315
0.17059817836
0.0821425347331
0.186077896624
0.0673499874876
0.0866013968875
0.0361352595643
0.124413752393
0.0708102598659
0.179980956911
0.13454943302
0.0848548145521
0.0787804203805
0.0881740299776
0.144429085916
0.145294486263
0.0588930006419
0.171462427105
0.161802066511
0.122501340288
0.146791280184
0.212041458531
0.0630079758473
0.116658950608
0.111407678057
0.144432680306
0.0924257906522
0.15234997601
0.105057772421
0.113727503986
0.134971503579
0.0976074119405
0.0466883084626
0.235179645145
0.127887490311
0.0352806996602
0.182569512781
0.1663328194
0.0697017008544
0.16343617611
0.127836496516
0.182880282273
0.3413053895
0.132275901692
0.156615246637
0.0836688847267
0.0573724040228
0.0704043765044
0.12505552974
0.109399787177
0.15859781566
0.0491331843188
0.100393581238
0.0429612274846
0.0510497569247
0.0847500831328
0.113097966102
0.0598350991949
0.126241062007
0.0402520196063
0.151463682166
0.174026823706
0.0973525008545
0.195205928275
0.102797336634
0.173678330441
0.0829807634227
0.206071915587
0.0375662478046
0.0832615363878
0.323019820017
0.131333901898
0.0205131731996
0.0447844631851
0.100736497905
0.112120699471
0.129333554677
0.0336034206951
0.0844853847411
0.0372712555521
0.214112731108
0.0831064856988
0.16350437862
0.355121856464
0.202257065294
0.115957396287
0.0427958580424
0.138862846898
0.0906933739626
0.111932664585
0.0206802188653
0.0650766776627
0.126176649871
0.0294560285485
0.0464872169471
0.0406698279084
0.203419009441
0.141257508945
0.0560023812207
0.176055529719
0.047810670795
0.128028263867
0.183178535956
0.100047082585
0.225416645812
0.0793552070175
0.159613204855
0.166914925891
0.133735770734
0.108300979443
0.0339509343527
0.112396410275
0.18181347461
0.110110971803
0.311940896056
0.099473087611
0.169202003431
0.188928425922
0.206244972172
0.082174176294
0.0922487001674
0.0837189954984
0.176693693381
0.141662506191
0.150416663778
0.080088053811
0.0920406170502
0.217057862281
0.100238588994
0.096869129595
0.0619078911539
0.227506554348
0.0847354876541
0.122113581886
0.322931828246
0.290176070082
0.174308139663
0.165714418482
0.156383206946
0.141481913385
0.115252825002
0.0384949442441
0.198409437816
0.14933415922
0.0533355680833
0.0760329828493
0.0771347479974
0.108381979795
0.0642325177101
0.0451715201788
0.222232500093
0.113386719781
0.176609557508
0.0928878463954
0.14642800739
0.125862578287
0.0629020720899
0.276815384892
0.0538082715746
0.0537220689694
0.224363542369
0.076237045806
0.36068116824
0.17061068083
0.0745064906522
0.199250573758
0.044392334312
0.0974279235127
0.17695543989
0.239022185262
0.0996519185207
0.112768857003
0.0473263208082
0.121577661867
0.126941559569
0.0298596896195
0.141348726319
0.13431023168
0.121819008999
0.127250536846
0.217544724498
0.070186569845
0.215494428284
0.163617686859
0.148064767785
0.19916671905
0.0816872375046
0.205184576748
0.089976002586
0.132137602822
0.0464211897253
0.0319346983792
0.193789832716
0.0671367449579
0.164433927504
0.0646814181514
0.182915920912
0.0602604365184
0.277423767452
0.0340898078016
0.0495777486209
0.260162768729
0.322615119348
0.168227196903
0.124370490113
0.115224714411
0.141132083885
0.0818028537432
0.177518498767
0.317676996591
0.149259551673
0.105164904516
0.230286198533
0.21277084529
0.0917477736121
0.113659594811
0.135919774091
0.158074148202
0.165686006751
0.114868650977
0.0994574873771
0.0712284823413
0.0795340702338
0.129148174312
0.0509415048574
0.0605725337927
0.1556891344
0.0902537062378
0.188868921445
0.120211138843
0.262034502286
0.138445579843
0.0905082688929
0.133019349462
0.18164997418
0.108711388934
0.107663957754
0.145146919554
0.109246035745
0.017582072112
0.109080455895
0.11785318238
0.0749897165542
0.0770481017208
0.162273831784
0.148358027003
0.0858040860568
0.209118429984
0.0467573661876
0.168551954981
0.209974840066
0.130361293156
0.126680740877
0.046617619516
0.269491936002
0.119155052632
0.207744375321
0.0600907466865
0.154419410285
0.0344539681774
0.361905384704
0.145791976908
0.126796650451
0.214167120885
0.174678908668
0.148359639303
0.235480448513
0.114318190091
0.303031630519
0.132832481162
0.183511484785
0.0489078412875
0.0944539218282
0.101754573899
0.137251565013
0.0651904322746
0.223798147478
0.17262747989
0.191178557718
0.119658420513
0.0362051900425
0.0827021280949
0.1277736767
0.0778390577509
0.21879338497
0.100728445478
0.107007624963
0.0453949486917
0.31240898946
0.13790375127
0.18285202317
0.0573128068844
0.243808768962
0.157004088397
0.120833997509
0.0744174354043
0.0956222574799
0.170458358378
0.038303783699
0.134236259224
0.106923416323
0.0757677117197
0.053220669119
0.230375390426
0.120806401218
0.0316088850605
0.188399981878
0.114930033218
0.0459305994339
0.132356296717
0.295961656354
0.0267713053155
0.260333741716
0.144928443879
0.26695557917
0.107649188202
0.0847471770104
0.157726054071
0.100600526175
0.114765559767
0.118117430849
0.0656440706855
0.0432261256928
0.20427176613
0.101839700404
0.109886956696
0.0205870349427
0.0896627404157
0.044935314755
0.0897412363167
0.0753004602768
0.0528114374797
0.158380007693
0.0910992384315
0.206294873087
0.0821425347331
0.213114121289
0.0673499874876
0.101805448878
0.0361352595643
0.0625928429536
0.0708102598659
0.0606822441107
0.13454943302
0.117115724031
0.0787804203805
0.151444342312
0.144429085916
0.0540006932705
0.0588930006419
0.0713421223822
0.161802066511
0.0649522923063
0.146791280184
0.205223988526
0.0630079758473
0.11864254202
0.111407678057
0.133037295607
0.0924257906522
0.106073833405
0.105057772421
0.0910712571647
0.134971503579
0.0318693317842
0.0466883084626
0.0450277267826
0.127887490311
0.146335318656
0.182569512781
0.0258541890512
0.0697017008544
0.121301782696
0.127836496516
0.133480522763
0.3413053895
0.0329704441032
0.156615246637
0.152205182631
0.0573724040228
0.308696901569
0.12505552974
0.114321113029
0.15859781566
0.107996484679
0.100393581238
0.0404660311797
0.0510497569247
0.0547123558536
0.113097966102
0.178424440723
0.126241062007
0.154346413525
0.151463682166
0.058267595011
0.0973525008545
0.0870121560246
0.102797336634
0.119321215386
0.0829807634227
0.118294183001
0.0375662478046
0.123127418278
0.323019820017
0.0863617683479
0.0205131731996
0.054005325992
0.100736497905
0.0924834696542
0.129333554677
0.149155646772
0.0844853847411
0.0743729547362
0.214112731108
0.116089005255
0.16350437862
0.0643741460766
0.202257065294
0.0981423997926
0.0427958580424
0.132575634802
0.0906933739626
0.0939071012771
0.0206802188653
0.146752551619
0.126176649871
0.0856061238738
0.0464872169471
0.133983327052
0.203419009441
0.207658352267
0.0560023812207
0.125035954054
0.047810670795
0.0555620076674
0.183178535956
0.229513044289
0.225416645812
0.0716379202838
0.159613204855
0.0940814783736
0.133735770734
0.151721042233
0.0339509343527
0.0699715448835
0.18181347461
0.11654129052
0.311940896056
0.0666054514239
0.169202003431
0.0302085461186
0.206244972172
0.0762560824555
0.0922487001674
0.18261126798
0.176693693381
0.110952389971
0.150416663778
0.0383739556359
0.0920406170502
0.0926551486821
0.100238588994
0.120529197214
0.0619078911539
0.191270536018
0.0847354876541
0.156836769034
0.322931828246
0.079950422006
0.174308139663
0.203448646858
0.156383206946
0.00731342420742
0.115252825002
0.107965763922
0.198409437816
0.124208648752
0.0533355680833
0.0287492029394
0.0771347479974
0.0411347296645
0.0642325177101
0.27671830943
0.222232500093
0.0772721162278
0.176609557508
0.0835670286751
0.14642800739
0.178951680457
0.0629020720899
0.0929355727911
0.0538082715746
0.0534624263536
0.224363542369
0.102631231681
0.36068116824
0.197258066955
0.0745064906522
0.0352455790895
0.044392334312
0.184782323563
0.17695543989
0.0829781443452
0.0996519185207
0.0923812196276
0.0473263208082
0.136257214057
0.126941559569
0.235333552717
0.141348726319
0.0964465759613
0.121819008999
0.0651602208613
0.217544724498
0.0113669770697
0.215494428284
0.250424523494
0.148064767785
0.160895771964
0.0816872375046
0.127267501566
0.089976002586
0.0309434329246
0.0464211897253
0.163094169763
0.193789832716
0.132591926449
0.164433927504
0.25601839529
0.182915920912
0.155747070079
0.277423767452
0.15844492715
0.0495777486209
0.0487973461058
0.322615119348
0.0530315750313
0.124370490113
0.212875286974
0.141132083885
0.0424189036613
0.177518498767
0.223851256595
0.149259551673
0.099331744695
0.230286198533
0.0800321866787
0.0917477736121
0.0988028841909
0.135919774091
0.07591809943
0.165686006751
0.082152086011
0.0994574873771
0.0250640216546
0.0795340702338
0.156669322906
0.0509415048574
0.131590382345
0.1556891344
0.203752534355
0.188868921445
0.209492658379
0.262034502286
0.161129635033
0.0905082688929
0.227506686615
0.18164997418
0.193896887344
0.107663957754
0.124886453903
0.109246035745
0.188896164795
0.109080455895
0.123692222976
0.0749897165542
0.185702855506
0.162273831784
0.0731274416029
0.0858040860568
0.048083789669
0.0467573661876
0.153024806345
0.209974840066
0.0304384358364
0.126680740877
0.0789328990877
0.269491936002
0.110421303342
0.207744375321
0.103130847436
0.154419410285
0.400535433742
0.361905384704
0.0803207538225
0.126796650451
0.0781750609306
0.174678908668
0.0562421482472
0.235480448513
0.122973338792
0.303031630519
0.0908250893233
0.183511484785
0.111116830615
0.0944539218282
0.244686825177
0.137251565013
0.147839383186
0.223798147478
0.131926007993
0.191178557718
0.207760964117
0.0362051900425
0.288990232139
0.1277736767
0.283105794438
0.21879338497
0.250177144001
0.107007624963
0.0352206592216
0.31240898946
0.031019599932
0.18285202317
0.128496175394
0.243808768962
0.0689544259698
0.120833997509
0.0612152610046
0.0956222574799
0.07981394999
0.038303783699
0.157481485693
0.106923416323
0.1100380184
0.053220669119
0.150927391498
0.120806401218
0.180557159534
0.188399981878
0.0883526793429
0.0459305994339
0.046224018733
0.295961656354
0.0898460952388
0.260333741716
0.139039849399
0.26695557917
0.249123600816
0.0847471770104
0.105278249696
0.100600526175
0.15812924853
0.118117430849
0.169413636254
0.0432261256928
0.0475077945822
0.101839700404
0.194308810403
0.0205870349427
0.31386034997
0.044935314755
0.192752327025
0.0753004602768
0.107791078562
0.158380007693
0.0498349683829
0.206294873087
0.162864269158
0.213114121289
0.104173273846
0.101805448878
0.168392345933
0.0625928429536
0.0806204907353
0.0606822441107
0.155488186497
0.117115724031
0.0494038488873
0.151444342312
0.0621339055711
0.0540006932705
0.20500476839
0.0713421223822
0.138856268308
0.0649522923063
0.0557278275165
0.205223988526
0.0634596701731
0.11864254202
0.0660504686008
0.133037295607
0.198333499622
0.106073833405
0.193205136263
0.0910712571647
0.142867717494
0.0318693317842
0.0700652087194
0.0450277267826
0.0163322524732
0.146335318656
0.0639540922412
0.0258541890512
0.125733553246
0.121301782696
0.060046284883
0.133480522763
0.099987679284
0.0329704441032
0.0477863496467
0.152205182631
0.0945969619676
0.308696901569
0.071177683891
0.114321113029
0.0749341586796
0.107996484679
0.094620015598
0.0404660311797
0.165066041927
0.0547123558536
0.199023070061
0.178424440723
0.0372758439678
0.154346413525
0.309622163709
0.058267595011
0.168742880355
0.0870121560246
0.201041396851
0.119321215386
0.129022023025
0.118294183001
0.299262868056
0.123127418278
0.118009697369
0.0863617683479
0.0549008243426
0.054005325992
0.0333685295217
0.0924834696542
0.163787767278
0.149155646772
0.255082652573
0.0743729547362
0.091832792054
0.116089005255
0.0595337433113
0.0643741460766
0.0527069594282
0.0981423997926
0.219416469542
0.132575634802
0.0738369687005
0.0939071012771
0.123928599108
0.146752551619
0.10276910061
0.0856061238738
0.133983327052
0.18808744387
0.207658352267
0.091749659832
0.125035954054
0.133715152695
0.0555620076674
0.0642210698859
0.229513044289
0.148877105876
0.112346754324
0.0716379202838
0.150784613869
0.0940814783736
0.151721042233
0.228526079716
0.0699715448835
0.0245679011284
0.11654129052
0.123511114918
0.0666054514239
0.18456715443
0.247313366252
0.0302085461186
0.0762560824555
0.115816970854
0.18261126798
0.0758902558717
0.110952389971
0.0650713562931
0.084975839168
0.0383739556359
0.0926551486821
0.0881619678517
0.120529197214
0.12659609109
0.191270536018
0.19145213615
0.156836769034
0.108468893355
0.079950422006
0.038701433338
0.075828505065
0.203448646858
0.0818610333048
0.00731342420742
0.107965763922
0.0702327683569
0.124208648752
0.120411583933
0.0287492029394
0.111846617007
0.0411347296645
0.0573188630565
0.27671830943
0.103051578551
0.128180773046
0.0772721162278
0.078139819957
0.0835670286751
0.0437460177638
0.178951680457
0.127970102917
0.0929355727911
0.183283950662
0.0534624263536
0.102631231681
0.103817257518
0.197258066955
0.181212953953
0.0352455790895
0.192903039614
0.209218653949
0.0716569276637
0.0829781443452
0.136588668604
0.0923812196276
0.136257214057
0.0957343343676
0.235333552717
0.353585775015
0.0964465759613
0.087611188901
0.0651602208613
0.242314413039
0.0113669770697
0.286002781099
0.250424523494
0.171751304369
0.160895771964
0.277563816109
0.127267501566
0.0596167706492
0.0309434329246
0.0826629789284
0.163094169763
0.0922520619131
0.0905124038244
0.132591926449
0.146983694676
0.25601839529
0.10281630331
0.155747070079
0.0788306625094
0.15844492715
0.257942934431
0.0487973461058
0.112967978063
0.0530315750313
0.212875286974
0.0784103451865
0.0424189036613
0.0962970661914
0.212512928974
0.223851256595
0.155463550303
0.099331744695
0.125544488593
0.0800321866787
0.0988028841909
0.138287178235
0.256648246788
0.07591809943
0.19408676153
0.082152086011
0.0738272860934
0.0250640216546
0.156669322906
0.125813303777
0.118852076338
0.131590382345
0.218152204434
0.203752534355
0.209492658379
0.161129635033
0.0623835419801
0.103910072936
0.227506686615
0.102630377619
0.193896887344
0.124886453903
0.222546547964
0.0630710924608
0.188896164795
0.183130508462
0.123692222976
0.185702855506
0.0756411315224
0.0731274416029
0.0266414233073
0.185891815512
0.048083789669
0.153024806345
0.237579832462
0.0304384358364
0.120833158628
0.0789328990877
0.208001994424
0.110421303342
0.174914571584
0.0660171264963
0.103130847436
0.400535433742
0.132371571561
0.110894585117
0.0803207538225
0.0445142936747
0.0781750609306
0.114997062558
0.0562421482472
0.137733629501
0.122973338792
0.0908250893233
0.118321986682
0.111116830615
0.112882060186
0.244686825177
0.106172369036
0.147839383186
0.0823301537153
0.131926007993
0.23922524002
0.207760964117
0.105367270565
0.0808220552274
0.288990232139
0.195983181147
0.283105794438
0.250177144001
0.0968351875901
0.0352206592216
0.0396264869815
0.031019599932
0.0686609909542
0.0698451174105
0.0908954916318
0.0689544259698
0.0612152610046
0.0611821821899
0.07981394999
0.0724967785362
0.157481485693
0.156188858951
0.120885536742
0.1100380184
0.120564897811
0.150927391498
0.168265917293
0.180557159534
0.0883526793429
0.0492981432583
0.0586274809807
0.046224018733
0.0898460952388
0.18407595493
0.382619702388
0.139039849399
0.249123600816
0.0816641434696
0.105278249696
0.0588021629613
0.0427733882662
0.15812924853
0.169413636254
0.289635081589
0.0475077945822
0.140897452023
0.194308810403
0.178762545965
0.31386034997
0.102748367552
0.192752327025
0.136130177422
0.107791078562
0.213054573351
0.119153996816
0.0498349683829
0.162864269158
0.241705640487
0.132250094444
0.104173273846
0.168392345933
0.176013415895
0.199204022817
0.0806204907353
0.281504851115
0.155488186497
0.0494038488873
0.218263230526
0.10698282723
0.0621339055711
0.20500476839
0.149387621464
0.138856268308
0.0691732765466
0.152259258119
0.0557278275165
0.0634596701731
0.12293704271
0.0736421840028
0.0660504686008
0.170560188727
0.198333499622
0.0552295590018
0.193205136263
0.0487979619744
0.142867717494
0.102462846213
0.0700652087194
0.177631749944
0.0163322524732
0.0639540922412
0.114519694413
0.125733553246
0.215557906179
0.0820276197475
0.060046284883
0.099987679284
0.125730056232
0.113565148252
0.0477863496467
0.278461615322
0.0945969619676
0.0650402155617
0.071177683891
0.0794558689389
0.0749341586796
0.094620015598
0.187622184463
0.234318029064
0.165066041927
0.15329105241
0.199023070061
0.0372758439678
0.0861632066514
0.309622163709
0.136201402606
0.168742880355
0.177624870321
0.201041396851
0.0809516424017
0.0291697185213
0.129022023025
0.0854340099378
0.299262868056
0.0334544196319
0.118009697369
0.0549008243426
0.0784605185951
0.0333685295217
0.0670940526863
0.230262523531
0.163787767278
0.255082652573
0.151049314418
0.091832792054
0.266608943686
0.0595337433113
0.410510547489
0.118646892778
0.0527069594282
0.0432061660855
0.219416469542
0.0738369687005
0.0651494072146
0.0597859285093
0.123928599108
0.10276910061
0.114163424241
0.18808744387
0.20385348826
0.169040953854
0.091749659832
0.0585581850017
0.133715152695
0.0642210698859
0.180384354917
0.185655770537
0.112346754324
0.10530938561
0.0859513453101
0.150784613869
0.228526079716
0.12181871912
0.0353671415106
0.0245679011284
0.123511114918
0.259428187063
0.0435639341947
0.18456715443
0.0678600554142
0.247313366252
0.115816970854
0.0385962274074
0.121267396979
0.0758902558717
0.0875568224303
0.0650713562931
0.0342752954619
0.084975839168
0.0881619678517
0.0895535862686
0.12659609109
0.0878748536266
0.19145213615
0.162673551493
0.108468893355
0.274322787952
0.038701433338
0.0749207376038
0.075828505065
0.231038152518
0.0818610333048
0.147072187019
0.0753007118306
0.0702327683569
0.120411583933
0.0581215269082
0.111846617007
0.155516363145
0.0573188630565
0.218792725103
0.103051578551
0.0401419486595
0.128180773046
0.131478240026
0.282768144875
0.078139819957
0.0437460177638
0.0966996976075
0.127970102917
0.100106944414
0.141191673501
0.183283950662
0.144371682373
0.103817257518
0.143707801454
0.181212953953
0.0985650856775
0.192903039614
0.209218653949
0.161840462589
0.0716569276637
0.101380838845
0.136588668604
0.204595301086
0.0957343343676
0.0715937137313
0.353585775015
0.325779064547
0.087611188901
0.0694412389511
0.242314413039
0.0851320682749
0.286002781099
0.341174665677
0.171751304369
0.176700944029
0.277563816109
0.0217826485425
0.0596167706492
0.0788628730955
0.0907667411228
0.0826629789284
0.0729902098622
0.0922520619131
0.0905124038244
0.123731862874
0.142300218758
0.146983694676
0.10281630331
0.111614621704
0.0788306625094
0.049989082078
0.257942934431
0.134893172707
0.112967978063
0.188060327456
0.234545297191
0.0784103451865
0.0962970661914
0.113243076398
0.269614930472
0.212512928974
0.155463550303
0.0641874641689
0.0798707333457
0.125544488593
0.138287178235
0.151947569704
0.0498217687553
0.256648246788
0.0229724863808
0.19408676153
0.0738272860934
0.139253022957
0.125813303777
0.13097088093
0.118852076338
0.181009478461
0.218152204434
0.0595937184001
0.272460501619
0.0969945462095
0.0623835419801
0.131131701039
0.053326224114
0.103910072936
0.0143655137185
0.102630377619
0.230176203291
0.222546547964
0.0328013628271
0.0630710924608
0.183130508462
0.119791101851
0.0756411315224
0.235224301982
0.0266414233073
0.233311994834
0.0935140236577
0.185891815512
0.237579832462
0.287593138639
0.20915177897
0.120833158628
0.208001994424
0.0755257469883
0.156849568766
0.174914571584
0.0404371772883
0.0660171264963
0.132371571561
0.185678656256
0.253067525717
0.110894585117
0.0445142936747
0.222464001965
0.114997062558
0.140990744491
0.137733629501
0.0963473217773
0.118321986682
0.0924039542058
0.112882060186
0.053980092235
0.106172369036
0.115906906448
0.0520193775118
0.0823301537153
0.126194936714
0.23922524002
0.0379434959355
0.105367270565
0.0808220552274
0.0672042846426
0.195983181147
0.1788314391
0.0968351875901
0.104425984558
0.0396264869815
0.246643783659
0.0686609909542
0.22270650551
0.14220011122
0.0698451174105
0.0908954916318
0.364231771273
0.149502632989
0.0611821821899
0.0939171199786
0.0724967785362
0.104053894888
0.156188858951
0.120885536742
0.0865802258881
0.120564897811
0.0687697127404
0.0833487439977
0.168265917293
0.0492981432583
0.178048390692
0.0586274809807
0.050056670832
0.18407595493
0.22708066978
0.0535359215181
0.382619702388
0.0816641434696
0.248175510049
0.0588021629613
0.146911028351
0.0427733882662
0.335749605496
0.289635081589
0.208555034391
0.140897452023
0.262823166857
0.178762545965
0.117902662274
0.102748367552
0.151582655482
0.136130177422
0.119995318563
0.213054573351
0.10330849173
0.0585059578176
0.119153996816
0.0478296757211
0.241705640487
0.132250094444
0.0645909160429
0.176013415895
0.212773349509
0.212315653456
0.199204022817
0.281504851115
0.107402188956
0.218263230526
0.150750055077
0.10698282723
0.103364381216
0.0899767728111
0.149387621464
0.0435547021796
0.0691732765466
0.152259258119
0.105614775447
0.12293704271
0.0907459487583
0.0283102645333
0.0736421840028
0.170560188727
0.130014577397
0.0552295590018
0.0391036907817
0.0487979619744
0.180852251609
0.0585570454089
0.102462846213
0.0425686085352
0.177631749944
0.114519694413
0.109864131634
0.215557906179
0.144461831634
0.0820276197475
0.0352688448678
0.125730056232
0.111873817511
0.0753086153298
0.113565148252
0.235687081716
0.278461615322
0.0650402155617
0.11125071724
0.0794558689389
0.13729398654
0.187622184463
0.234318029064
0.336441420135
0.15329105241
0.126996567997
0.0861632066514
0.110525298007
0.136201402606
0.0871502237295
0.177624870321
0.0250477961654
0.210192394895
0.0809516424017
0.0291697185213
0.0516496387272
0.0854340099378
0.26179587636
0.0334544196319
0.154720765062
0.114816006902
0.0784605185951
0.0670935480166
0.0670940526863
0.0426347620182
0.230262523531
0.151049314418
0.0475615326607
0.0916378958074
0.410510547489
0.104060895289
0.103041710558
0.118646892778
0.226837427819

0.0651494072146
0.167085647076
0.0597859285093
0.0485322472412
0.114163424241
0.093800110186
0.102761199608
0.20385348826
0.157100964169
0.169040953854
0.100278715265
0.0585581850017
0.180384354917
0.195116623819
0.185655770537
0.0537321628524
0.10530938561
0.26486299595
0.0655336024104
0.0859513453101
0.12181871912
0.190575670695
0.0353671415106
0.09822224584
0.161940885371
0.259428187063
0.0435639341947
0.245807938783
0.0678600554142
0.142207490326
0.0385962274074
0.121267396979
0.15350428879
0.0482530406168
0.0875568224303
0.0342752954619
0.211238003636
0.0895535862686
0.145342799343
0.0878748536266
0.119858246471
0.162673551493
0.0344247192938
0.192596288006
0.274322787952
0.0749207376038
0.27318871393
0.0836339350261
0.231038152518
0.147072187019
0.0849379258942
0.0753007118306
0.0599952679818
0.0581215269082
0.185637477935
0.155516363145
0.125357215208
0.218792725103
0.066019731054
0.0401419486595
0.219706461853
0.0846900215734
0.131478240026
0.227129751861
0.282768144875
0.0966996976075
0.0522587367724
0.100106944414
0.325502668903
0.141191673501
0.0560775464264
0.144371682373
0.0654069634628
0.143707801454
0.127296142285
0.040019735817
0.0985650856775
0.0291834280551
0.161840462589
0.101380838845
0.0430182464983
0.204595301086
0.0822727042839
0.0715937137313
0.132388300477
0.325779064547
0.155382885161
0.0905493147133
0.0694412389511
0.159911035225
0.0851320682749
0.341174665677
0.0298258857557
0.176700944029
0.0502236665674
0.0217826485425
0.15927401422
0.0788628730955
0.0827277375036
0.0907667411228
0.166292379993
0.0729902098622
0.0379575101022
0.101948990494
0.123731862874
0.203838038645
0.142300218758
0.111614621704
0.161703891111
0.049989082078
0.179890731839
0.176966955491
0.134893172707
0.188060327456
0.11943781504
0.234545297191
0.0781805053088
0.113243076398
0.321337227742
0.269614930472
0.107616262114
0.198539396281
0.0641874641689
0.0798707333457
0.116254139075
0.151947569704
0.146244021323
0.0360469462588
0.0498217687553
0.176257010959
0.0229724863808
0.139253022957
0.0554634654803
0.13097088093
0.0702773405823
0.181009478461
0.10151565069
0.0595937184001
0.0770264719196
0.0969945462095
0.113105972373
0.0232678318665
0.131131701039
0.053326224114
0.192097203873
0.0143655137185
0.0181225608916
0.230176203291
0.0487467523362
0.0670543166706
0.0328013628271
0.0489553322139
0.119791101851
0.235224301982
0.100115654705
0.233311994834
0.0607640292944
0.0935140236577
0.0399240911747
0.025639607486
0.287593138639
0.105738656537
0.20915177897
0.0755257469883
0.174705496044
0.156849568766
0.11059788649
0.0404371772883
0.190276019655
0.0716067101875
0.185678656256
0.122280902856
0.253067525717
0.110394860487
0.222464001965
0.168959980977
0.140990744491
0.0963473217773
0.136644051616
0.116629040939
0.0924039542058
0.0634088785182
0.053980092235
0.115906906448
0.135978346013
0.0520193775118
0.159014135424
0.10146768652
0.126194936714
0.254023265039
0.0379434959355
0.0672042846426
0.187489350141
0.1788314391
0.0529363963717
0.104425984558
0.187087725071
0.0961648765296
0.246643783659
0.241467896853
0.22270650551
0.16049871489
0.14220011122
0.140261822658
0.149502632989
0.239003481326
0.0982744402715
0.0939171199786
0.104053894888
0.0695492625241
0.0865802258881
0.0686577431707
0.175656810657
0.0687697127404
0.0833487439977
0.0762386286013
0.178048390692
0.173958184239
0.050056670832
0.215662365976
0.22708066978
0.0894565443623
0.0535359215181
0.0871844776987
0.0898127837779
0.248175510049
0.146911028351
0.201351059082
0.335749605496
0.108503248938
0.0984424694537
0.208555034391
0.262823166857
0.171500648977
0.0817016920266
0.117902662274
0.164778902885
0.151582655482
0.306430788582
0.119995318563
0.167061014631
0.10330849173
0.210777569377
0.0585059578176
0.11931081322
0.0478296757211
0.0645909160429
0.0908383244965
0.308044822656
0.212773349509
0.11810173575
0.212315653456
0.107402188956
0.0294063278322
0.0522678695528
0.150750055077
0.0408037930912
0.0743810780461
0.0899767728111
0.0435547021796
0.0851321538857
0.105614775447
0.0328833037669
0.0810420907303
0.0907459487583
0.0283102645333
0.248644707398
0.130014577397
0.0971026570921
0.134649139009
0.0391036907817
0.180852251609
0.157699504785
0.148586479639
0.0585570454089
0.107239933505
0.0425686085352
0.0457580046793
0.109864131634
0.144461831634
0.08878444122
0.131916532227
0.0352688448678
0.111873817511
0.0753086153298
0.235687081716
0.11125071724
0.13729398654
0.336441420135
0.126996567997
0.110525298007
0.0871502237295
0.0250477961654
0.210192394895
0.0516496387272
0.26179587636
0.154720765062
0.114816006902
0.0670935480166
0.0426347620182
0.0475615326607
0.0916378958074
0.104060895289
0.103041710558
0.226837427819
0.167085647076
0.0485322472412
0.093800110186
0.102761199608
0.157100964169
0.100278715265
0.195116623819
0.0537321628524
0.26486299595
0.0655336024104
0.190575670695
0.09822224584
0.161940885371
0.245807938783
0.0643161179233
0.142207490326
0.15350428879
0.0482530406168
0.211238003636
0.145342799343
0.119858246471
0.0344247192938
0.192596288006
0.27318871393
0.0836339350261
0.0849379258942
0.0599952679818
0.185637477935
0.125357215208
0.066019731054
0.219706461853
0.0846900215734
0.227129751861
0.0522587367724
0.325502668903
0.0560775464264
0.0654069634628
0.127296142285
0.040019735817
0.0291834280551
0.0430182464983
0.0822727042839
0.132388300477
0.155382885161
0.0905493147133
0.159911035225
0.0298258857557
0.0502236665674
0.15927401422
0.0827277375036
0.166292379993
0.0379575101022
0.101948990494
0.203838038645
0.161703891111
0.179890731839
0.176966955491
0.11943781504
0.0781805053088
0.321337227742
0.107616262114
0.198539396281
0.116254139075
0.146244021323
0.0360469462588
0.176257010959
0.0554634654803
0.0702773405823
0.10151565069
0.0770264719196
0.113105972373
0.0232678318665
0.192097203873
0.0181225608916
0.0487467523362
0.0670543166706
0.0489553322139
0.100115654705
0.0607640292944
0.0399240911747
0.025639607486
0.105738656537
0.174705496044
0.11059788649
0.190276019655
0.0716067101875
0.122280902856
0.110394860487
0.168959980977
0.136644051616
0.116629040939
0.0634088785182
0.135978346013
0.159014135424
0.10146768652
0.254023265039
0.187489350141
0.0529363963717
0.187087725071
0.0961648765296
0.241467896853
0.16049871489
0.140261822658
0.239003481326
0.0982744402715
0.0695492625241
0.0686577431707
0.175656810657
0.0762386286013
0.173958184239
0.215662365976
0.0894565443623
0.0871844776987
0.0898127837779
0.201351059082
0.108503248938
0.0984424694537
0.171500648977
0.0817016920266
0.164778902885
0.306430788582
0.167061014631
0.210777569377
0.11931081322
0.0908383244965
0.308044822656
0.11810173575
0.0294063278322
0.0522678695528
0.0408037930912
0.0743810780461
0.0851321538857
0.0328833037669
0.0810420907303
0.248644707398
0.0971026570921
0.134649139009
0.157699504785
0.148586479639
0.107239933505
0.0457580046793
0.08878444122
0.131916532227
