0.46433110594
0.799619993493
0.63351905939
0.590176706952
0.504925444015
0.406673359129
0.678101266194
0.578843580416
0.536521815647
0.628844610181
0.522456228181
0.47281253108
0.654630693544
0.477447518374
0.554033354163
0.479691860061
0.775140046055
0.556373060624
0.621188344489
0.606795815162
0.555935075088
0.542478543725
0.470585221334
0.695322799132
0.258679140668
0.456117526829
0.755220966049
0.600483701928
0.739121730151
0.399831767376
0.406794965906
0.416096019967
0.494960257421
0.70701023069
0.370208980525
0.601615858054
0.589872016238
0.660248882233
0.624202670397
0.65929266764
0.697194230602
0.627188941879
0.797639297065
0.449633001113
0.485860542905
0.499566896201
0.697706077212
0.605700857453
0.585690921195
0.611080564702
0.492165482588
0.568091920737
0.514333777283
0.568942287686
0.536949378835
0.689663120322
0.683924212286
0.802091040481
0.407909329189
0.391239142555
0.662327335975
0.577288015477
0.458215006974
0.616557359681
0.658240548893
0.546890264889
0.718934630641
0.536377046151
0.188178467331
0.401999606047
0.457515058123
0.746301524116
0.335267277144
0.698966057024
0.480354912092
0.508539669696
0.585269560302
0.698212214367
0.533091262569
0.544355843681
0.627252214009
0.46442906333
0.623239896206
0.706433997158
0.587357106825
0.577302292137
0.657399765262
0.565788029993
0.550299466862
0.489590045816
0.575073653378
0.618736360922
0.283721359472
0.72009322984
0.664889936807
0.577320002536
0.539535489312
0.558933858322
0.371838944003
0.620271675394
0.668512882973
0.721440670894
0.484621149767
0.602305136313
0.629286545475
0.600930331132
0.545173309491
0.697268364622
0.635376469304
0.768547695587
0.307506395029
0.736341578239
0.495584912196
0.649226908052
0.533209947117
0.614758327907
0.469510489021
0.526196958359
0.774289245971
0.617846256629
0.627669967444
0.631711789676
0.397815199605
0.495920604249
0.67711396712
0.501645568725
0.338335343314
0.512201200199
0.668324363906
0.860060702141
0.443603648252
0.5466623054
0.366497709458
0.573877958994
0.612591637524
0.735142336283
0.523259613398
0.628704240607
0.627850499584
0.590365324942
0.669485564991
0.639640632997
0.650401081543
0.633129036959
0.488573546192
0.600383742612
0.583255605185
0.481230193449
0.299108768485
0.394238065439
0.246779656421
0.640309366847
0.515561991899
0.653962860361
0.29737312146
0.682005554763
0.557636148123
0.623410339389
0.641523813942
0.803656512323
0.857242957112
0.850599246206
0.568334290872
0.645978070954
0.702449822638
0.837107599063
0.812932143467
0.568891008321
0.373312835368
0.436685150922
0.579843371926
0.297625897186
0.453511297757
0.704621865925
0.760751117863
0.36733376238
0.642555346044
0.561533320476
0.594431468007
0.506226248047
0.571952123843
0.429565728355
0.594637274486
0.670273840468
0.525902281217
0.713435094422
0.748129776761
0.35520364762
0.455078721517
0.455734828667
0.619959882457
0.475439049297
0.681023349122
0.650895709541
0.747448293763
0.751270346205
0.418064306108
0.494059081479
0.57857756795
0.685283601493
0.595915439349
0.431567699735
0.470708969552
0.688803587302
0.582847023013
0.627185592722
0.541851648331
0.532583796163
0.639768300463
0.418963381066
0.467358955002
0.596320700807
0.506254423164
0.447634278213
0.599006163268
0.649842031452
0.623938854422
0.382730049648
0.48554581982
0.605644361194
0.573561525674
0.285419922486
0.326149707206
0.393701783539
0.495425753436
0.665387563661
0.694467207516
0.727758129968
0.578803544138
0.632504095594
0.565880201006
0.477710767157
0.737013951909
0.565367355777
0.620181037881
0.616893852077
0.262777796309
0.56150412358
0.381895539637
0.778102955408
0.645389686288
0.719580423282
0.580730593949
0.422971571891
0.661781636897
0.690416266268
0.499527468647
0.647901078604
0.672536302004
0.470588495169
0.44083978285
0.473911179151
0.594924322882
0.578006199048
0.5245127892
0.434107604605
0.519153171261
0.552508681255
0.715491995704
0.54250270425
0.726213795025
0.712927418945
0.515382648095
0.603308959713
0.481643099901
0.709293367985
0.62794281561
0.467811804336
0.548920034295
0.619139114572
0.500658168829
0.438478190675
0.626151342183
0.471289072184
0.525416242968
0.718432639724
0.331340385118
0.523159375835
0.707209841589
0.461824079162
0.732279708941
0.580133571691
0.660125371044
0.536383098718
0.655377293789
0.622910237331
0.70752373197
0.539444617254
0.534524579297
0.73126219592
0.466340286635
0.397579037931
0.53910546656
0.461202477701
0.688841401454
0.386069165478
0.601024488761
0.578584101149
0.652196529259
0.726003770644
0.673626738096
0.559943531459
0.665947150662
0.56943038327
0.382517429136
0.421134141845
0.610904851008
0.50478314753
0.632857013066
0.539714284029
0.373501483722
0.552633318277
0.626996503827
0.500203447097
0.491661572439
0.603166615746
0.578297276122
0.526560095115
0.609347904995
0.625424411957
0.469458527969
0.466525506488
0.551613291038
0.5555811033
0.386367429985
0.565464884738
0.518376731843
0.698432971532
0.774545096552
0.507550561288
0.563228243977
0.694368233864
0.675030081955
0.490745712925
0.448999269509
0.590187112701
0.450860737448
0.566308265077
0.71992145968
0.564469483475
0.517111872128
0.440684377742
0.530743696989
0.504330638947
0.678224008466
0.756371668899
0.480979975383
0.811087487388
0.651453127422
0.447915966679
0.403468291861
0.463368296847
0.456535412871
0.463917865369
0.489154364777
0.24275299812
0.343688723891
0.552596701968
0.540885286989
0.522069776874
0.562823097875
0.431653589674
0.466997978777
0.38465780287
0.403065495749
0.752741441721
0.581739518646
0.483734147054
0.636652160407
0.584490339445
0.525859445153
0.424604567974
0.404840885303
0.386836760347
0.453232232466
0.491954051163
0.538052432545
0.457019137322
0.64966334372
0.599438298179
0.540675708163
0.408718018226
0.58969691453
0.633105321641
0.586623043857
0.67911613332
0.590032292856
0.711420377522
0.751282136945
0.50107763541
0.650988164884
0.676705457102
0.827243039668
0.406870648655
0.572394803033
0.590238710555
0.636069915221
0.471005123754
0.578476415489
0.562066530933
0.493319540375
0.655413274099
0.776120683051
0.706367424138
0.50643101839
0.697615197628
0.53907694586
0.681042400387
0.561860016065
0.588719767509
0.50395788968
0.726074479289
0.659775845275
0.663823962716
0.737058206689
0.409521794334
0.561957539041
0.540514564364
0.46157858213
0.478420933756
0.80797673365
0.639998083484
0.381716257715
0.592196787695
0.474413959801
0.610865027067
0.643251052108
0.715166942923
0.453782487546
0.71321484513
0.462578817052
0.511396908959
0.551803067206
0.529183990415
0.427549648505
0.465808225393
0.327477459521
0.485938140397
0.575991181211
0.505557148216
0.465318096302
0.726055273226
0.71951468212
0.534723476766
0.521876286771
0.630041153808
0.531637642206
0.447157719997
0.623091695843
0.511093000964
0.618107736419
0.44329857504
0.796217060946
0.717160508301
0.705558187308
0.801395668771
0.652060581363
0.581473674873
0.669424179257
0.732929187788
0.757044769174
0.367844875857
0.458504763783
0.381663262847
0.565094554914
0.444819283504
0.501849282468
0.627605425574
0.650562441153
0.555022574032
0.550058562269
0.721703201392
0.567974565607
0.340991524096
0.461784466863
0.512662266195
0.761890981778
0.368350230296
0.432451828726
0.723376346556
0.626252881826
0.714429451931
0.807720561763
0.790534371367
0.650581241732
0.499347623639
0.674043822645
0.668919970702
0.560436967577
0.57822421408
0.8082285422
0.551635887547
0.40190794663
0.671604846939
0.516671764397
0.725174861242
0.742850844633
0.651394162506
0.710428773284
0.669755598353
0.539745433915
0.431741082577
0.432120452108
0.538260392693
0.660801151751
0.437565332272
0.486429894819
0.608227664457
0.626991793009
0.498444501422
0.45982798537
0.564548264216
0.538343727023
0.506302342541
0.47274914862
0.53806903636
0.673795318304
0.416068676438
0.739195925003
0.564851988458
0.58786492264
0.469744528407
0.553779228676
0.654715117153
0.752144202449
0.784209857618
0.370856577726
0.510973512717
0.549738187923
0.352884877065
0.550035114767
0.235022187788
0.407687453647
0.642030661918
0.653235685163
0.54754013482
0.636238596148
0.671014383724
0.319189819158
0.469311842824
0.492178129516
0.458347698798
0.557976915428
0.631584449587
0.375567951827
0.730326700605
0.703293916413
0.567950613103
0.438090149133
0.486209038979
0.638931204062
0.585466456522
0.698493369276
0.709953395335
0.50415894825
0.446155661928
0.466718286103
0.490131963301
0.541681706299
0.412730094353
0.666498428592
0.434848249095
0.361646215093
0.628773213476
0.568807457865
0.644803364116
0.656820526275
0.53628943603
0.420930955627
0.360930616918
0.48078681404
0.59863805549
0.569313152249
0.668876562332
0.697023325372
0.591429305559
0.702365128249
0.563997175417
0.508514952664
0.650648341517
0.410494031306
0.384491094763
0.64242436236
0.689410494871
0.632956472627
0.42936647519
0.528041135567
0.655339448075
0.583362084828
0.608109149722
0.571316093679
0.534175056502
0.476363499742
0.615460410924
0.62377029635
0.71279414139
0.724061874131
0.69807703909
0.560356633402
0.565915735667
0.421406380345
0.546639054111
0.317367609396
0.463774383401
0.561928066783
0.45441887514
0.590161713151
0.715000018646
0.543217729691
0.724726788918
0.564516716853
0.498541352063
0.567970693123
0.617395006244
0.648815406231
0.619610497139
0.567473484305
0.52668351967
0.589239944324
0.689570578014
0.761108254029
0.5021859902
0.594633186178
0.540348867139
0.60205895546
0.572551655654
0.602717400656
0.40221821818
0.279666575579
0.398880718749
0.348858987715
0.758586625099
0.68493665389
0.313213647416
0.291204054328
0.496329552531
0.615425920761
0.579622713663
0.394282592959
0.382557065689
0.359760049482
0.503578891036
0.673550636346
0.715841464206
0.574031952604
0.448556308522
0.559810978949
0.385691849671
0.466980671816
0.69201048714
0.577741470558
0.606130271455
0.587796321044
0.504879514427
0.523504508286
0.500741940653
0.553120312453
0.502624592395
0.630067194121
0.514699923082
0.486941997477
0.687402295325
0.580157802424
0.524914262023
0.504897209124
0.67247844082
0.493159298405
0.26710181404
0.529053365039
0.234126647031
0.414354054896
0.385476373555
0.539534470032
0.507147692121
0.397447659419
0.563831260975
0.63083739452
0.557237103737
0.605653025271
0.648118864558
0.654831773985
0.724458174006
0.615997537081
0.454758408205
0.449862764761
0.652058307881
0.725068287017
0.674135026731
0.401908487598
0.651276644315
0.5949064344
0.667836401477
0.664941337735
0.548343280427
0.608339212204
0.453596462583
0.48598801806
0.415924977401
0.367305668846
0.463536583732
0.768553929842
0.53093855145
0.603637957715
0.493856539421
0.471173966791
0.479710445403
0.583909250626
0.339223849152
0.492054907546
0.558755452245
0.569414465096
0.493786948442
0.744532529485
0.648175348847
0.710908113386
0.577369606972
0.639284273836
0.723985902665
0.638034038064
0.788252033713
0.60707683811
0.42217397649
0.418447227636
0.647046716647
0.557832938095
0.534309105984
0.575915488963
0.539963078061
0.611775137047
0.334713185103
0.529974296799
0.329373999808
0.434938939595
0.522162209897
0.483143784617
0.53536162622
0.454380293298
0.79124191897
0.531165361979
0.665080093104
0.670986049355
0.557962989985
0.333005733804
0.420252177995
0.483266628188
0.525031836979
0.239097980127
0.772439201514
0.482356550755
0.587702746831
0.401202980288
0.494644888969
0.363494979286
0.493018686518
0.497440304622
0.471255110667
0.553546713094
0.530954107647
0.407067648559
0.688983313152
0.612456025774
0.618069812859
0.719316337054
0.911021061268
0.660042676245
0.733417011044
0.545892027376
0.72736754237
0.565145340779
0.76974086689
0.579510964784
0.563455358361
0.427636952737
0.666110503468
0.607398941294
0.523797112126
0.783339722324
0.645620573189
0.555572019978
0.38911012988
0.755742014382
0.586239452605
0.780503895552
0.415610804378
0.420637185377
0.710925482343
0.797285777884
0.66325259411
0.511897543734
0.647768353791
0.526338737912
0.412382541875
0.428141553813
0.422209995294
0.541374394376
0.269264962154
0.657059339963
0.475028997664
0.618864647029
0.64188377331
0.671384864493
0.658541924954
0.61656207125
0.564383304403
0.52637750872
0.715740915002
0.40129502476
0.519269234628
0.382091856211
0.432967829935
0.375060503332
0.432400481299
0.729327382075
0.418083102781
0.696311559251
0.729286142051
0.482656357557
0.443930195469
0.64814783455
0.613590159298
0.263905259718
0.409368564096
0.440756247512
0.578708003025
0.508654746067
0.632953480979
0.368747965
0.359541587281
0.482479118793
0.703429208716
0.485700668965
0.525429577593
0.608034974798
0.711260808791
0.430941032078
0.629722120021
0.626798278061
0.588436316813
0.290612574798
0.852308929368
0.530976423563
0.774533739798
0.640787805786
0.665342802525
0.369589667307
0.455757468343
0.551633691298
0.532681656253
0.501242008765
0.530168746799
0.567253744625
0.457151913022
0.694774080216
0.354349932676
0.594346704717
0.606097445038
0.227987545478
0.85619520867
0.621959418241
0.447528666123
0.490425820838
0.416997565944
0.58960777531
0.48255681326
0.522939348059
0.551340743305
0.588727406129
0.623253817367
0.525463104507
0.66500745657
0.698787394805
0.600048565355
0.570799200985
0.315375776376
0.797110739793
0.628004815826
0.589008752624
0.60292983115
0.460717328588
0.548068815068
0.472134312829
0.54990366353
0.665691309092
0.286436661435
0.397494490881
0.515705723943
0.373679767677
0.579001157172
0.626508630228
0.713486768293
0.556631280052
0.632474689297
0.63058390706
0.520027408498
0.562783020208
0.619237507076
0.729723738299
0.597005539473
0.486213437383
0.635938436678
0.544498804737
0.43106973251
0.45547592329
0.542608004469
0.416478459451
0.457205690634
0.573763891953
0.588248920194
0.414243453936
0.654711430201
0.595485329994
0.678745822013
0.48205087852
0.407819521278
0.504553397595
0.62402460457
0.484068973702
0.595053801952
0.637293950853
0.513037526403
0.293514337277
0.469282704531
0.557941309609
0.418958120887
0.51928216448
0.487359977025
0.447117773525
0.552060704201
0.550760788884
0.405997262475
0.414862835619
0.431347419355
0.62248003352
0.345292172374
0.646478104587
0.533686738071
0.682770071486
0.647071637842
0.638180292572
0.456272082807
0.58848633998
0.762286078587
0.568300293842
0.459564845149
0.623352654176
0.598151440703
0.527315007692
0.764317510939
0.656675231375
0.544042415317
0.458276043368
0.306488531749
0.728345518079
0.346074231876
0.594111098415
0.600753733372
0.585848382938
0.445981635789
0.531447086016
0.661749415125
0.661254452603
0.554010614339
0.703021865131
0.409932768722
0.546595938321
0.53286179391
0.665233307488
0.598701154457
0.667298128431
0.487091425941
0.439624349717
0.403112505636
0.696528889153
0.44680415877
0.55134497834
0.596812827193
0.600827556332
0.531870543156
0.222805362784
0.480372591452
0.475227045923
0.492047661733
0.42967246859
0.48667907085
0.45968680703
0.504816559382
0.565953006063
0.437777651909
0.669620754992
0.786644182097
0.805300450351
0.658280632965
0.652272435683
0.821404219131
0.416579048137
0.534173328955
0.593839067814
0.618161300843
0.674633914268
0.595000056339
0.684402672977
0.796373922692
0.575170883949
0.438172380398
0.735575349934
0.523680146142
0.52289195677
0.548042203898
0.601923021224
0.54657458049
0.454920518877
0.652117452222
0.535801992694
0.46742156451
0.470953225304
0.72439445506
0.714213149468
0.534602617502
0.491330331877
0.552412062542
0.697635321336
0.819177521951
0.493551631055
0.281425154486
0.430395061768
0.478935293119
0.697442781854
0.474164850505
0.549117024425
0.264460792924
0.47816410265
0.331876340479
0.43071457767
0.653721883444
0.715343388648
0.574553763411
0.498686573814
0.530531544567
0.415137985392
0.558857081198
0.301812496046
0.396216067904
0.631178269126
0.420399204027
0.591988691127
0.682982411132
0.424383287616
0.527096631026
0.674572200795
0.493124273487
0.371742405252
0.566517967797
0.613915780299
0.749973708148
0.408588661423
0.672214105717
0.659895343931
0.587367526161
0.588708653097
0.528695380722
0.58987655041
0.743617518198
0.478083604099
0.637034854576
0.604414161876
0.477043059255
0.670122239707
0.444215511058
0.493507558909
0.53983994727
0.517969973954
0.552506440844
0.54607282874
0.531520716254
0.458769546011
0.614136538351
0.470281344953
0.628748995984
0.465675604982
0.442287944103
0.600586421428
0.488679320064
0.635312113133
0.731008884922
0.680889527803
0.533149853519
0.572599712468
0.650998313792
0.268276237321
0.539070753242
0.458870343418
0.433615702695
0.658322822983
0.575120172611
0.665036720192
0.559769101658
0.308572770145
0.816577187959
0.587025151663
0.678017520596
0.518767480054
0.820102248317
0.618774947923
0.737967939938
0.521623837946
0.630356039715
0.335154826038
0.270830060597
0.728775998476
0.349728790447
0.726306266722
0.675209844505
0.47775011608
0.635638463088
0.457920682327
0.480901984816
0.495471244639
0.666140153263
0.633030016041
0.48558777811
0.47934846553
0.648062507027
0.680477795677
0.655689491889
0.471940117438
0.608556981208
0.40890912983
0.559924575695
0.710221107535
0.684899398459
0.684888214672
0.723979878667
0.962486332921
0.693017751209
0.602793377108
0.504383996902
0.513249363323
0.571236134494
0.439340160881
0.460768876053
0.41350553204
0.617490877971
0.397599403316
0.441711508013
0.500655348178
0.576935341903
0.606547897775
0.620864147055
0.378714082095
0.605800391881
0.654000423985
0.378410038802
0.355293563229
0.450165056607
0.54602948721
0.425760144671
0.630490521684
0.447643032813
0.881382540224
0.513149714445
0.572135260424
0.551307244376
0.786215235993
0.428105434256
0.521053240014
0.521623061576
0.740510179431
0.445417961954
0.579990204873
0.54253270066
0.466089475986
0.541208533017
0.274684952689
0.628266897301
0.456667902298
0.666921226305
0.646071951989
0.541660102476
0.705631978877
0.439305700442
0.363809379378
0.422275823116
0.413467633024
0.510682540164
0.603580795965
0.633063959044
0.614746252437
0.517762352853
0.450537282947
0.378140882386
0.525704101353
0.653292442136
0.501865744102
0.376490576456
0.351900090517
0.247112650685
0.30889657778
0.582832421923
0.729064215411
0.398273864914
0.578822014861
0.61524865175
0.540617091852
0.564017545661
0.5649117476
0.714208473988
0.691924261979
0.65181084028
0.666339474493
0.610036246256
0.628237783985
0.452091266452
0.452326790511
0.458193040631
0.543369580409
0.715433866861
0.687691583529
0.546902826698
0.560852469738
0.712756013395
0.438537209791
0.450161214402
0.459534019205
0.358630347249
0.349324307599
0.623820645683
0.436816553047
0.602544141807
0.559189055224
0.55806896215
0.682881160452
0.641860765356
0.578689420619
0.414944646814
0.389612653221
0.616273400059
0.321261477988
0.332146823414
0.408920260681
0.459004235074
0.638880542046
0.372898059097
0.570627642867
0.385503635759
0.35122642013
0.436683362759
0.561472385207
0.514406243005
0.51124403741
0.403961973641
0.746005023343
0.571912359375
0.566460682458
0.60408489273
0.500411010329
0.315656693925
0.410485990551
0.71217670565
0.625171283523
0.512619058613
0.476796888517
0.569872306081
0.587193829616
0.364298668391
0.367713975992
0.526370696468
0.677390025241
0.277176163418
0.451957444661
0.419703007757
0.731358126762
0.526093484789
0.40308491949
0.435857975127
0.634861898601
0.450507897246
0.486687966825
0.548566240066
0.521297327694
0.567499840157
0.486426994861
0.430182587371
0.680460939415
0.344902947603
0.344771396868
0.692650223912
0.657363415338
0.613338763208
0.520297880145
0.382874297894
0.569285607135
0.601054721851
0.258937899572
0.653207180974
0.53867634367
0.613846257948
0.647097224108
0.545228946194
0.467411824944
0.58520773839
0.590550405474
0.707286609972
0.62848940929
0.684629136283
0.334727325037
0.491219252549
0.482525256851
0.428264861581
0.542011087738
0.535004775466
0.501115189158
0.629882007445
0.518799393337
0.672417716621
0.669443515011
0.349869915539
0.552455565809
0.550307288905
0.511579515658
0.514402789402
0.572631345227
0.611026618807
0.563733282376
0.602777789975
0.698697402275
0.501277258449
0.761184142028
0.526353231844
0.537802500724
0.697121791755
0.849117120579
0.622881212532
0.619777523664
0.455799769784
0.612960853831
0.424347149848
0.414209662737
0.572953717687
0.723625711914
0.700976463642
0.753109823402
0.532803242908
0.416646927242
0.65595181153
0.4479175812
0.561103091714
0.556841667102
0.463756799455
0.538162916072
0.689114916878
0.431097188933
0.629756035269
0.360289283717
0.675890369304
0.536302648839
0.643720920773
0.41459970962
0.575836732816
0.238497380608
0.510703988481
0.469962381721
0.553370665807
0.555579373875
0.737051432388
0.472657520852
0.346566946012
0.560324958389
0.472620697588
0.663948040105
0.696217861433
0.66104487844
0.732152900423
0.633691396289
0.67944343154
0.559892491846
0.569784254105
0.57086224214
0.670745803975
0.623723592335
0.764376141254
0.502585850887
0.587524013591
0.483037702824
0.451458945614
0.547323267142
0.554390576239
0.657737092714
0.632200374884
0.522604841568
0.561752000427
0.454803467247
0.550989916245
0.737223876377
0.620696870786
0.382771521285
0.62428765307
0.632627853757
0.50571015712
0.564109648717
0.483738330037
0.455492762399
0.176810888756
0.612710842168
0.698990359346
0.582379990473
0.601228155427
0.44525575738
0.588256121913
0.594215045849
0.660804090605
0.748093556179
0.674022664964
0.519762070243
0.682201596408
0.552545738864
0.476432205372
0.597372280308
0.511276926659
0.626299007764
0.561414662915
0.660276239535
0.604373475143
0.615662124194
0.515821712776
0.583203419513
0.396523563785
0.471470973133
0.549574436536
0.384353051671
0.549818128417
0.398816143757
0.663895083464
0.66903550339
0.479414736195
0.359628130017
0.64537681732
0.697223421216
0.538260460415
0.615648783939
0.522845163256
0.454553509178
0.43039603557
0.638002400473
0.69463268199
0.343172267181
0.57457562635
0.452414331726
0.617970620314
0.340286338214
0.53232213849
0.573919863362
0.590334699254
0.555628875703
0.502320819831
0.62157949703
0.56997142969
0.602417335304
0.568593476706
0.677065203439
0.450563587723
0.541385806842
0.466917546818
0.728132111672
0.681577986734
0.640807416388
0.447900317911
0.521166652699
0.586475649114
0.592080987975
0.590696529591
0.462320493201
0.607774002673
0.387775038031
0.436077269503
0.387898821499
0.423736189064
0.526139239577
0.221755971167
0.586451718833
0.59515088132
0.465451620665
0.828980729146
0.775436467481
0.513669291871
0.636122347601
0.535758781959
0.801016393341
0.75187309127
0.676428983678
0.688468482228
0.609081101115
0.629490603409
0.459272398632
0.713010937639
0.645236262487
0.665291768771
0.608110914756
0.653360644913
0.519362721786
0.56287455019
0.512217106793
0.664167884666
0.657456284711
0.526508436173
0.549109119961
0.631855538128
0.513622212681
0.695770632188
0.393517264989
0.441422978033
0.549005122028
0.488251717629
0.391020832742
0.458237957743
0.585877773533
0.306859567611
0.475931283627
0.382779001424
0.603473049478
0.55802993003
0.411443704047
0.64324852841
0.705221102927
0.391575040482
0.563560568941
0.351502595441
0.510443865287
0.514413532095
0.533205193879
0.734986600787
0.523505359355
0.520067066767
0.758067154814
0.541901504818
0.663370632832
0.601470631346
0.719136393364
0.337018426719
0.432533721757
0.680188968379
0.409437009797
0.545193891695
0.763509534935
0.526397828788
0.529329680693
0.655417896651
0.633892222648
0.440935794903
0.59055011527
0.576119856079
0.662688852563
0.342551213926
0.78819634164
0.610022695653
0.510592501643
0.677463700913
0.720291022736
0.48259647915
0.375058643189
0.372316678154
0.548913772526
0.371693939633
0.576996230734
0.554742816502
0.502757687345
0.550771762889
0.625209993175
0.658269548129
0.507237000229
0.470012654296
0.507648258577
0.617543975261
0.488190947584
0.40117280839
0.313677705757
0.405016566077
0.535790525298
0.30592373542
0.686592705788
0.713010266447
0.755692791184
0.531027938818
0.513615528564
0.628167950521
0.502193418846
0.523198668692
0.572009913279
0.790343390932
0.725626532901
0.653638201365
0.726446295883
0.495755570427
0.603593406634
0.343741264834
0.555950586068
0.670651359292
0.460072775072
0.402410996071
0.39558772019
0.667433079872
0.644020740713
0.384628163158
0.466089632962
0.539514174824
0.649788257035
0.606205745672
0.688095702376
0.595516927266
0.415428971537
0.608465363932
0.676591257391
0.648368586094
0.477390109913
0.59609315406
0.558829128343
0.513310532479
0.695247051113
0.65087726609
0.428650708097
0.576013535098
0.577946324251
0.514206539809
0.604360739625
0.537564340338
0.639503284416
0.615586929898
0.418489211652
0.629443007751
0.557083872202
0.59390286718
0.715661517338
0.569150702543
0.466859459468
0.796803352538
0.58237856203
0.557101268001
0.263214689794
0.438840286391
0.607074195973
0.423719099427
0.482610210515
0.375643557044
0.443587818602
0.509610561252
0.257799543365
0.540087666263
0.605545642019
0.536815590235
0.528379090184
0.593493861207
0.556758951651
0.573646014607
0.604329902616
0.747094818176
0.535724262654
0.546080363893
0.691770321787
0.552663921142
0.474826715334
0.458381698089
0.449846861406
0.690437659546
0.774759506319
0.664585332395
0.525591902217
0.439840370717
0.709363304591
0.477721292969
0.526879287362
0.644348296941
0.52748660926
0.562747414109
0.531594397807
0.528392194259
0.569467978357
0.633559107784
0.432586061303
0.609399554115
0.559292005429
0.610631518981
0.686454733816
0.546991290988
0.438896953352
0.591418093175
0.572759929926
0.563426917924
0.581496457988
0.393904679848
0.492620949945
0.539646008634
0.678534157682
0.566160294344
0.589993847931
0.510612521321
0.563375313504
0.685505239842
0.677957635513
0.464314324372
0.526609255228
0.335215725904
0.60757769956
0.385050018789
0.559694653478
0.4720936714
0.876120118433
0.796446734214
0.669390073208
0.625501618068
0.850119964895
0.688455837794
0.5878474089
0.536048828027
0.688841166404
0.529020055331
0.833835353025
0.794565036611
0.700699445191
0.707255858444
0.542088681542
0.285411798863
0.66446751724
0.707387349436
0.519066735248
0.568922096701
0.646103677978
0.345626496759
0.419381086577
0.588559905367
0.722256165178
0.368474497002
0.625808583341
0.551359190076
0.699483825198
0.647637620658
0.74637544232
0.513429910078
0.651632128585
0.364443070844
0.6218270555
0.547864125529
0.660984224968
0.775000421041
0.82964599296
0.430545195926
0.708044816482
0.670232801797
0.574824946064
0.643704564417
0.699105131982
0.764405145347
0.743109444496
0.748309529141
0.823246981577
0.597517144516
0.640047177571
0.562259699973
0.413600271125
0.641237892294
0.487077863757
0.574938369444
0.593309281439
0.445135230479
0.579099935629
0.569355021521
0.577388499722
0.515804101639
0.551289314785
0.405660441403
0.303065843312
0.378122622267
0.36626215356
0.676707476519
0.685733559135
0.719090899929
0.654737405326
0.677329956883
0.641075000363
0.843264569843
0.690143835054
0.679914261008
0.707226149267
0.383866011045
0.569651629244
0.860942640039
0.683614147134
0.741084893115
0.490851508253
0.656818369482
0.459207314277
0.571040177551
0.695662387441
0.599448066633
0.571703945996
0.352738319927
0.362293046483
0.364042766103
0.681303912421
0.570086101379
0.641802172933
0.667308260374
0.287714676364
0.372492863711
0.479506619934
0.6965027342
0.622375673086
0.532886415558
0.490133024933
0.435419138499
0.583862251875
0.725159713515
0.6325980682
0.656690241741
0.655212454009
0.512671607152
0.588187017787
0.587314842984
0.405233554939
0.564424609292
0.577949449112
0.551985838893
0.53477475074
0.606449309256
0.570244169805
0.630226860547
0.459882071496
0.75450249909
0.60574001716
0.60948584336
0.58266645159
0.449537469199
0.626928413696
0.670669867004
0.790408537882
0.470503190057
0.450455677804
0.556227447845
0.635874366476
0.68178662675
0.682156688524
0.43761085587
0.62905896558
0.399821969938
0.561182659989
0.582411320562
0.638704501781
0.546965125162
0.664029315376
0.605334468765
0.679967705591
0.692857085825
0.609463473876
0.602015935399
0.447881854043
0.536866359568
0.529450034928
0.573631104981
0.691780684272
0.645466246261
0.665199463438
0.733108024911
0.624309115973
0.677257975483
0.54197337054
0.501682437478
0.585199936662
0.60622449066
0.545584641001
0.589735877327
0.657356450033
0.487059181904
0.364004040232
0.706730842372
0.530210366581
0.53895905788
0.593449680097
0.529127157383
0.764490440017
0.767468929142
0.636180395917
0.511759881131
0.726882826376
0.6733856017
0.628219624697
0.636242593827
0.575421873471
0.47345587245
0.477615841401
0.616646115973
0.562007506965
0.759593627295
0.761145916696
0.58494632371
0.558570960048
0.502837230357
0.479924993187
0.67604597161
0.640433908846
0.612129778128
0.637116043426
0.630955660216
0.5148780284
0.560286346898
0.618868864114
0.664846800949
0.583229632394
0.747316955731
0.775116672435
0.581232276772
0.536438646907
0.52533850308
0.605828360737
0.60103083269
0.353722937579
0.204740412211
0.348308077753
0.523582805424
0.6167449172
0.650800332037
0.713348312069
0.662964754549
0.707641151686
0.590972706359
0.547776884947
0.627692104961
0.504148852544
0.605260326237
0.601870321628
0.7184722173
0.478172262621
0.466036736606
0.533056295543
0.690642772624
0.56559777458
0.569040647961
0.398937801907
0.577836629039
0.403011574902
0.680263172898
0.692906677603
0.685889149023
0.619764854208
0.58097362937
0.367925808336
0.663596210379
0.601941848631
0.758953237605
0.732589874771
0.680816942939
0.381347320187
0.629625755213
0.566459387507
0.51167738007
0.666821811171
0.60661955484
0.297302685986
0.534990359147
0.620749979844
0.62319867873
0.677351501984
0.812725748431
0.564425700688
0.556951530426
0.598151066049
0.613765377302
0.636119200436
0.286655020868
0.521155303194
0.560589242744
0.419207723632
0.606496283085
0.437611257439
0.394562264354
0.452567965659
0.689812344098
0.549831533564
0.457994663164
0.717894077871
0.709645491823
0.715285865822
0.71167408229
0.488737920465
0.471218012609
0.609291562458
0.571586360826
0.65260016738
0.755328619617
0.710231880523
0.526995908844
0.427008532767
0.462716047809
0.523748807261
0.337642402901
0.510943723182
0.546145258423
0.595133707472
0.678573419204
0.697479769589
0.296845712254
0.582435711486
0.77201173483
0.480948671624
0.607028098346
0.67954273779
0.519854566475
0.740991549135
0.720506292033
0.675381752056
0.682200183426
0.671471538386
0.629105975239
0.384624614688
0.734281668317
0.437341532336
0.406255463273
0.692522513272
0.399795661714
0.60753747275
0.674672786025
0.662023335684
0.642729879336
0.724242312317
0.583817754317
0.484734894436
0.58911480528
0.472901457802
0.612900174768
0.6679426765
0.555904729475
0.54823185493
0.384848785833
0.570345947152
0.673141303022
0.752804612485
0.725204312453
0.593854460028
0.82598905404
0.675100532778
0.719855103406
0.729271223426
0.569870831774
0.628863380144
0.544832401165
0.619955286152
0.727301186305
0.536893749558
0.446640033303
0.587099284667
0.680852040109
0.720619663642
0.660576940445
0.523690392768
0.247461948232
0.566527844458
0.772443606674
0.598003381877
0.787734419501
0.458921545262
0.371194351264
0.543978945063
0.608276309454
0.492805038864
0.710485379698
0.505691552573
0.606141947573
0.647302158246
0.611958285638
0.612616333889
0.515064551422
0.460344188369
0.490111471138
0.463692694562
0.518504327637
0.443446102082
0.640710873124
0.556138306719
0.71305798327
0.504223155214
0.764801380192
0.302891610214
0.645838684001
0.647814947688
0.675076316874
0.651012696699
0.644966243338
0.516322927407
0.337458694801
0.353059862528
0.50273517756
0.782907975816
0.579400439848
0.456011073236
0.225788776329
0.355451000124
0.57611723236
0.611036036149
0.540209627208
0.639269427075
0.613116099553
0.478524832669
0.615929578859
0.703224179985
0.739710745753
0.458727757866
0.556900327088
0.507599694311
0.47770677093
0.622884308069
0.320117164811
0.328308731992
0.571948298755
0.432654357782
0.644581000213
0.725823828571
0.590911831586
0.388452491469
0.449554384947
0.314402194755
0.564291787415
0.58553388096
0.566028938916
0.456203008759
0.337999007864
0.267116620736
0.642535310103
0.591126248058
0.618353270783
0.60274763066
0.462106621157
0.585955574256
0.631879004181
0.584277263302
0.576785265044
0.651090125744
0.368320957236
0.449009220391
0.527265467726
0.685951261711
0.506227189763
0.446050662557
0.420039979625
0.573229059075
0.506224351336
0.405293952996
0.508354164393
0.392743516121
0.627522047168
0.632793378256
0.531359572827
0.455315944334
0.684481597116
0.572423523448
0.252195415006
0.720754462462
0.608996660225
0.543179453537
0.462181984835
0.510328082835
0.467205200767
0.448095562487
0.489583546371
0.437865426865
0.391827081026
0.471083673982
0.616599811764
0.434832860186
0.421002755334
0.575324327559
0.526775321562
0.454328311653
0.299654392305
0.498226065777
0.547709654286
0.585886451339
0.410599918208
0.556167208904
0.667698338202
0.481276109638
0.472960429728
0.484844477706
0.545717000768
0.668124208758
0.466492966763
0.563084543579
0.65505773566
0.72060359434
0.452878608489
0.380961135232
0.397054543442
0.632449075395
0.615229843864
0.542111622039
0.591262962891
0.569591358289
0.622684967524
0.458997431804
0.434725977579
0.604955507352
0.550527335088
0.599243450426
0.607135571519
0.467332050531
0.486539677184
0.574392914648
0.646501134712
0.572003037954
0.496027457316
0.39473278888
0.43256747143
0.556105942749
0.485790499138
0.624401508664
0.516040034231
0.465819967532
0.520212242554
0.530757476464
0.458604645742
0.739687388832
0.607565945267
0.536446565091
0.400794174264
0.672203990926
0.504627153076
0.556701524636
0.667762287107
0.361652947721
0.593335603152
0.447356267622
0.616105155337
0.61567028274
0.559049505558
0.594803246429
0.532607196461
0.619387478587
0.651561315534
0.518157407153
0.551002993225
0.820723717387
0.687240291947
0.758038393903
0.492135152418
0.644903054818
0.526045087262
0.657284791387
0.653611301931
0.466045551265
0.656007662964
0.677865250957
0.658371786876
0.571687663665
0.364363569408
0.547260470183
0.42201572748
0.511756085189
0.578710968774
0.346349963615
0.720128739808
0.779541703837
0.774765089597
0.392547642125
0.275935087725
0.285880385253
0.419545676072
0.754726651818
0.55521342867
0.434536976474
0.545442380051
0.661748615194
0.764085461014
0.644299412696
0.592865857474
0.490960144702
0.427297970404
0.445855676053
0.659622234455
0.54569132239
0.643462788855
0.648091654147
0.761425450119
0.743783914368
0.510542843717
0.80523638368
0.563865767084
0.453006179696
0.497962979413
0.65720238594
0.432097358081
0.400805008204
0.675074341195
0.58962921807
0.649042527928
0.700221796704
0.562276721509
0.427451423716
0.49030843087
0.714434746235
0.581280282307
0.808031795675
0.555506136349
0.500119573368
0.361512944324
0.437671520394
0.584423749714
0.579905538607
0.406154585489
0.729992083489
0.650744358139
0.661294129949
0.576625563845
0.737305377986
0.626236355321
0.499573389728
0.528973718653
0.406614245126
0.466996953029
0.716574991951
0.550227980202
0.543581167066
0.68931197888
0.700682802289
0.728975101045
0.707910219561
0.498814826858
0.584909704083
0.617475424422
0.571453024225
0.58949178249
0.703602234338
0.483258290757
0.599310737241
0.391553188326
0.532531030318
0.526895519129
0.809843191331
0.58652210708
0.662684428681
0.390375188093
0.466029128775
0.441175787603
0.438246685069
0.572309964458
0.57045158641
0.487912643076
0.619317636446
0.824374447946
0.552941150393
0.665381217957
0.63037428854
0.616127932031
0.571391288586
0.518728503983
0.642524365866
0.680586568936
0.570585224919
0.51326215294
0.780522977952
0.432530522747
0.623780598868
0.508225767532
0.658495317762
0.473413528915
0.654458127585
0.494103892049
0.564454091984
0.532010327904
0.624549886429
0.646617936252
0.560831501349
0.695398783199
0.457209245347
0.514366165123
0.596121661765
0.632853548545
0.472589501782
0.486727516355
0.535584585873
0.675675997289
0.406048162681
0.358998478971
0.433793537039
0.675979906648
0.473149370279
0.615841998687
0.703002986637
0.337305347586
0.70565775402
0.167567156395
0.619582888265
0.45706160188
0.564545144304
0.745509459096
0.595865355907
0.459126789215
0.438276417687
0.753382868324
0.645661891323
0.492462311958
0.379803887444
0.474491737498
0.618573067111
0.668503106251
0.282542782055
0.505383722246
0.606536024551
0.566386767403
0.615872306304
0.601681160527
0.730074749792
0.420748066786
0.515037678313
0.46587753909
0.523523784631
0.429322097991
0.614646390232
0.878573866235
0.570560022334
0.346062515391
0.283667975601
0.619162211225
0.53860743012
0.514756594764
0.661366456248
0.453774894831
0.580380019403
0.375647165356
0.672311860195
0.501233115473
0.54607496642
0.789383213533
0.661796749166
0.652014831362
0.551678500545
0.645737059335
0.677352949389
0.42546169025
0.697197760854
0.39740901627
0.548962764005
0.57888348324
0.60595801109
0.607167105908
0.428183104111
0.576133582202
0.545246601542
0.55151509246
0.553764341843
0.655348617429
0.545570271044
0.638107806199
0.464137955719
0.461039144345
0.390165233221
0.341789658327
0.391169568564
0.477129247328
0.655581154664
0.715623120081
0.613415105866
0.513930630188
0.624564081406
0.394962187265
0.515244888234
0.496740198969
0.610034531445
0.567210423074
0.677527130907
0.519571456999
0.509647659801
0.675948860291
0.614440180831
0.410254271737
0.59540354506
0.480235832994
0.464204629169
0.493040470143
0.564391563217
0.585363697409
0.741797279696
0.589790632405
0.54119810606
0.504344943532
0.473316737465
0.470086389669
0.605196468258
0.458856045821
0.513357685131
0.581155795476
0.549745850646
0.547258734332
0.563288588277
0.524070135978
0.543975944323
0.568853824342
0.336859626043
0.440325892815
0.646626513281
0.599701504424
0.654013621777
0.717358726643
0.579107381442
0.450615548599
0.60817652362
0.630177003651
0.47383983168
0.405048586544
0.510188248417
0.370054654561
0.584884439287
0.5582749271
0.620489177247
0.549666420595
0.698631940532
0.623191999674
0.467776539246
0.463094164896
0.573036652824
0.646657683047
0.412999433888
0.328524002379
0.373148352047
0.663636831033
0.736248570671
0.602459163906
0.556653105611
0.681033978559
0.502579860471
0.558052655344
0.494764243198
0.770387357884
0.756350246411
0.646059873063
0.621647164617
0.42570616179
0.392750118758
0.456857953233
0.700335972713
0.733620326883
0.582220740385
0.402504208657
0.725795811184
0.640628509008
0.549674837947
0.44655471035
0.4547677213
0.607508966304
0.495407802447
0.748345721625
0.560326381446
0.61742686583
0.640539891789
0.454472717702
0.510988724035
0.620216374229
0.663618718361
0.561732393036
0.549528399952
0.520108226425
0.587693369242
0.234531703174
0.649677481697
0.736110532219
0.655724517069
0.351305922503
0.367549215336
0.691279753904
0.691053095386
0.768464237989
0.417625683736
0.528931755623
0.736869694241
0.603151518844
0.488787364439
0.516264072808
0.293504926334
0.329380422977
0.504828532625
0.785090675322
0.55670212878
0.611987883579
0.55065288541
0.489246396088
0.455552044105
0.750533337401
0.676435776369
0.435792266298
0.772907443052
0.663413879969
0.744824044165
0.595115913896
0.447665909467
0.723195217766
0.482946914012
0.362112001567
0.463901539662
0.382275742522
0.573724607176
0.552360631082
0.571065798638
0.570300864345
0.651438077193
0.317247259706
0.782590914502
0.592532340141
0.49952957393
0.563125512937
0.509132053839
0.628370053368
0.570442639348
0.495069350924
0.589788087015
0.676905308084
0.653636771914
0.68664765136
0.641871376988
0.763140983652
0.586986820988
0.653158831693
0.387840320192
0.570714557904
0.843021185037
0.718399352298
0.750324258665
0.545702528859
0.457433096064
0.6783269059
0.504534621876
0.541146450088
0.495257446778
0.587337346517
0.684124724137
0.517942178522
0.412561740497
0.589033824661
0.680993770867
0.713348636648
0.649790534127
0.453150402517
0.644662944974
0.654904916684
0.658727281196
0.645313036349
0.356644020049
0.356013686061
0.515789037786
0.522135994549
0.50563622263
0.719821214915
0.713819043438
0.496921645533
0.568210753218
0.73194640947
0.485248737013
0.704703748443
0.673862856233
0.755558047766
0.515633767247
0.459052934639
0.570023689951
0.657807792177
0.433066324589
0.581987937535
0.447021061135
0.576975155589
0.515990272355
0.483144670635
0.561845342195
0.465671275198
0.514560487704
0.412560483456
0.722038567086
0.423253961451
0.559811732773
0.472510262692
0.647489944454
0.747258150015
0.700348004081
0.764861661164
0.772749529514
0.555023712613
0.48890588075
0.525506037018
0.404457463209
0.416789357632
0.651944926873
0.433265514865
0.452590710265
0.319027051965
0.371156200226
0.526748758396
0.677045503119
0.540242014014
0.712167112435
0.472814943322
0.517154799619
0.703347730119
0.489253920998
0.707156202564
0.683713782279
0.623774351199
0.611825424237
0.651688424125
0.592784415419
0.61438835833
0.448316202024
0.546454051423
0.457776877784
0.769194601842
0.631461448726
0.637951282939
0.523014703507
0.681225566349
0.598743845978
0.477806956717
0.712347522089
0.517967212089
0.65464445274
0.733410379456
0.736704729071
0.804483931438
0.457921900641
0.564899769131
0.606872513468
0.659864255674
0.705138663482
0.448316846737
0.589631671756
0.580709606001
0.53025816458
0.555274051916
0.49000336266
0.302631340102
0.587179641428
0.483855407407
0.379741825868
0.528978609638
0.538533854288
0.53660309844
0.737525765685
0.582335159802
0.413953118955
0.511481920515
0.37364907427
0.328080114538
0.472160817203
0.653039747337
0.62428823337
0.516071390431
0.712470464088
0.459853099129
0.377421594864
0.4717102563
0.442277810893
0.58462876893
0.626258133473
0.488792159698
0.467111973023
0.659481309811
0.700582455969
0.619175028865
0.449196175043
0.440184797263
0.524670634224
0.620633077127
0.735474154789
0.698509870446
0.714365601184
0.398483551031
0.554771574999
0.593098950174
0.520920682628
0.625142932306
0.370796211406
0.768172326704
0.486610245559
0.570507344862
0.347239152909
0.663438046653
0.504183717058
0.561263767799
0.696413483947
0.629738971332
0.396492804718
0.633892162682
0.697246419386
0.400660054297
0.542314896245
0.79802636521
0.592322803297
0.579370150479
0.620950347908
0.609004707541
0.572162496914
0.400531117363
0.493877913262
0.430629353328
0.545832182437
0.721399224012
0.495806159783
0.522334575753
0.401705254119
0.566226356339
0.635075855752
0.494327725658
0.502791945048
0.541554961449
0.751433756156
0.631062840961
0.681406586653
0.821248275741
0.819743422571
0.562505706951
0.618328386976
0.546856835105
0.619330360668
0.628989661774
0.616061512127
0.393290934595
0.564235866807
0.571341672692
0.471119379478
0.59354518558
0.446185712001
0.449190704601
0.641986026845
0.671338034668
0.63508295027
0.660479468691
0.7266685451
0.67208089081
0.57725554205
0.565769069437
0.611675394772
0.679613540335
0.49977647267
0.746407053539
0.688075488425
0.336578227259
0.513498466863
0.550036677922
0.587570554458
0.557098759946
0.543175138564
0.431620655358
0.62135679682
0.564648902686
0.576570824329
0.721594718465
0.519076051108
0.622516236223
0.557028957474
0.531636956887
0.607294619992
0.359178037576
0.403339390034
0.651958055634
0.546963839996
0.496228065368
0.662548539751
0.559945728667
0.494025213054
0.724953250115
0.640625001882
0.722578771242
0.712884899801
0.728501706557
0.591469749144
0.655428533268
0.524196424879
0.455961102045
0.543454013984
0.573645555404
0.572930748413
0.640915875051
0.527353873136
0.392102217075
0.455013612697
0.332574543629
0.370437858661
0.489087989123
0.710183355944
0.514866251516
0.67422720604
0.780650339827
0.639466081017
0.660816496635
0.576725270846
0.673890640266
0.64790506666
0.454486247705
0.351671169229
0.560953137617
0.659816730875
0.586695707971
0.595174539075
0.483582919164
0.508850251542
0.452953168235
0.514177496291
0.568922154697
0.527548022809
0.483296740237
0.585120865793
0.62621400986
0.600308124061
0.444487568468
0.397697400731
0.51765847815
0.474566667738
0.615984690514
0.411302663002
0.578894781359
0.669332920199
0.830499425826
0.723975350934
0.54883243603
0.664939523978
0.681179196125
0.662585943869
0.609243897063
0.492460951539
0.642631551898
0.449047515686
0.379998499903
0.713704894524
0.62971960487
0.440581305373
0.630228261588
0.583343591338
0.537394511765
0.723050091708
0.55915831169
0.716046260061
0.526111815497
0.520285351547
0.678824419464
0.533843032411
0.530280372958
0.425351830857
0.397000058401
0.436551471469
0.399360862401
0.440402658608
0.485706274388
0.515940752539
0.653289896352
0.409685644941
0.39872710468
0.480218868105
0.571577828079
0.712458210377
0.635790330219
0.578301455703
0.6566869346
0.670296038037
0.568149193086
0.686591918147
0.406226916092
0.598560818927
0.686148633255
0.456824228921
0.353391633327
0.826970767166
0.536034484459
0.804479497033
0.460823373674
0.356471515764
0.52449326617
0.577536028727
0.60000096701
0.432208700799
0.379535155436
0.617836496575
0.783305255937
0.54585420145
0.457689296239
0.525668718297
0.598273608825
0.605107091972
0.628473624604
0.634162187086
0.47677682274
0.392135340558
0.450987590644
0.516737324523
0.511553681527
0.684647089807
0.678786473829
0.313780603585
0.559810181796
0.301907859378
0.730969442959
0.546918408683
0.639527250288
0.4809833929
0.485611874909
0.367367568458
0.593048095452
0.712511439087
0.64043522735
0.755475127517
0.571425393038
