0.469871334781
0.588344114682
0.479766186139
0.606100963561
0.286464614405
0.396572075438
0.648534190958
0.181165948866
0.128902955122
0.543095558373
0.461721842487
0.421971015535
0.541175203772
0.506492809377
0.537397454588
0.398969403857
0.735632430979
0.20827082479
0.51434155328
0.527486479345
0.409572187206
0.544972914593
0.450749002893
0.43390219471
0.191897474438
0.509789859238
0.427686523755
0.35513009872
0.451697506532
0.418711694286
0.279226305066
0.488688331054
0.373914813652
0.432948804402
0.145537716859
0.293783176323
0.249850912119
0.210082787589
0.579847918727
0.460834532444
0.542558491232
0.550942271946
0.585383970863
0.276719732043
0.186471519068
0.263159027031
0.464301539874
0.411999989758
0.417181933252
0.453499990627
0.260133186138
0.509081171177
0.427045258392
0.474061962007
0.464097740572
0.439330822342
0.556418636586
0.734852937272
0.568855471062
0.400392910854
0.549638843607
0.290542116521
0.41976007247
0.541312541019
0.535141212725
0.570546432266
0.423808188865
0.547520067223
0.62731460958
0.382464364881
0.2855620455
0.696802473894
0.344158807056
0.413124236003
0.317561761679
0.621649671468
0.330975071306
0.350432934065
0.269670812873
0.205294988801
0.363846627415
0.215932344437
0.571158770911
0.466225006552
0.354430940124
0.321913625856
0.402604999089
0.32917187099
0.335528142246
0.406386289816
0.509304123831
0.474576808199
0.122831067644
0.406538410706
0.40613377326
0.427891969678
0.278124884193
0.481560137174
0.31129379807
0.620545119196
0.337851259774
0.386306932585
0.441278137677
0.57007807771
0.525574214353
0.440006104581
0.387334914108
0.546605292664
0.544132862288
0.586130023554
0.268189655742
0.527031503946
0.292835735977
0.642754346167
0.662868274074
0.301112614419
0.350041520542
0.518326966565
0.559360164556
0.314057505813
0.199060300746
0.217603623298
0.366388941294
0.3114160772
0.490669010032
0.455313904332
0.18249028149
0.449893251737
0.458523243222
0.651302306352
0.532708655872
0.305468413837
0.348710567861
0.613922028698
0.353315976105
0.478403020891
0.304775173611
0.525855630578
0.675744186233
0.660133854751
0.623261006095
0.300603715861
0.524156302555
0.321331531974
0.206408110892
0.294514973566
0.49948654859
0.303916355406
0.510075530334
0.25542584029
0.124191313885
0.469871334781
0.510827446908
0.350309985969
0.52211796113
0.203792138852
0.527610141617
0.385613329384
0.377076747895
0.416972558913
0.317880338448
0.156497496133
0.763806422932
0.411828129433
0.581945347192
0.810633242755
0.739373200661
0.398289731309
0.214495718841
0.217712938458
0.297188272685
0.389228132504
0.207139179823
