0.366068910693
0.778424873229
0.566601774237
0.748362820762
0.469934177801
0.50190164977
0.697105088913
0.459053479318
0.33279959245
0.618269019582
0.65228367559
0.429597995979
0.636981253837
0.665612487458
0.741388630246
0.388581696381
0.737392214421
0.276978359232
0.490343236036
0.352052513995
0.54137376915
0.621714185949
0.610307524551
0.397967050299
0.323408310335
0.388100497418
0.440793400082
0.456520099187
0.490073678746
0.373755304373
0.302711376914
0.426472187954
0.320828521539
0.673825673064
0.315212285837
0.431561574931
0.365198177832
0.582926650581
0.588771259902
0.466961706268
0.66259602966
0.471130734377
0.824353866253
0.47585523037
0.231166683553
0.502269345962
0.532070697473
0.316902733138
0.591646645043
0.686609789967
0.282840261907
0.490125772829
0.262168201707
0.273315525514
0.474226423019
0.710001211359
0.599633402376
0.861067757674
0.289449591674
0.181664206151
0.48878262404
0.370086225932
0.382751025942
0.448845138979
0.600076623819
0.438197699327
0.588073529048
0.533387937945
0.252490898538
0.195031960262
0.213539695205
0.710938873234
0.333594967374
0.670152575791
0.410335180299
0.771641486048
0.549707173571
0.527967245283
0.491960503405
0.413306084333
0.422041157878
0.291860835067
0.652232560637
0.592173130572
0.607399893266
0.576324150305
0.636830081657
0.494830850248
0.549132799066
0.212851831029
0.575251270063
0.523209765546
0.214912702162
0.418385683887
0.426886234075
0.626126015522
0.446625877001
0.655020681665
0.315808211522
0.674814433863
0.367251353087
0.439241264052
0.426506711958
0.580448922193
0.433851603428
0.316096358729
0.362944302193
0.488882618271
0.541761677336
0.673291101415
0.145104590243
0.599564847306
0.316260659459
0.567493511908
0.489785326624
0.27915260792
0.37372482725
0.359906949323
0.618061737322
0.48191839929
0.274570118954
0.571760658448
0.3074345527
0.525195988411
0.511380130457
0.421971423425
0.216615393828
0.500910405903
0.605456173961
0.534881772991
0.493096935643
0.333679591776
0.257450713591
0.493721093979
0.356134840125
0.545247413106
0.511352833086
0.335562329848
0.717364991407
0.538755353137
0.606564127725
0.480232900568
0.451767867742
0.675682278306
0.224276051369
0.486239806808
0.533714809876
0.237650041964
0.211625707678
0.42069598728
0.157963273908
0.40350147548
0.341436497635
0.675840295246
0.282982026186
0.532702110958
0.431923012599
0.696942650156
0.48712761868
0.712576875911
0.555195378254
0.83438698591
0.575191938455
0.5644952472
0.808962874968
0.624715821907
0.466470662524
0.254923687392
0.158127359068
0.373063303964
0.246179496712
0.185999096356
0.582246296119
0.388190763092
0.686709490318
0.485000150261
0.675120821615
0.294667125991
0.498375490724
0.356226965159
0.246076793566
0.193105014731
0.441997685524
0.523500988918
0.195079385175
0.259008999543
0.769956755966
0.34944080544
0.472204958907
0.118768705568
0.193863623579
0.385490967164
0.52268461301
0.470214977063
0.460039334549
0.604400791286
0.377241502848
0.4214122499
0.503881192156
0.668695080679
0.57313911709
0.159702584159
0.212533739965
0.479671539795
0.432555049607
0.370787887577
0.20969736073
0.445652051089
0.602925963928
0.404073775914
0.384067027357
0.719989660229
0.614459888452
0.507450864391
0.364278214895
0.575565877306
0.67403540761
0.327800200603
0.318733430096
0.343461033496
0.361238559478
0.208020023482
0.232209173041
0.354232129815
0.280913207338
0.709701773273
0.533675708571
0.598427316301
0.533238882399
0.374959937222
0.352642052565
0.211020010733
0.548919173016
0.71794561692
0.580186758529
0.465102601053
0.286533081801
0.412871800066
0.219360609798
0.667403514171
0.310139812396
0.393685668343
0.39259348051
0.493605788777
0.529538299996
0.541276114572
0.262379874301
0.573995025841
0.412751806611
0.448135839484
0.48949936089
0.368024154635
0.373088156383
0.325990587275
0.40852433534
0.38690121567
0.342384401638
0.565788034446
0.502058044115
0.559867756011
0.570585495443
0.670679958743
0.401223567826
0.273747439643
0.342969456359
0.481785202181
0.564637059528
0.508155550654
0.535144540718
0.468309053374
0.496549888596
0.508137857874
0.52730745717
0.552516756288
0.505477026479
0.669504560862
0.51439702179
0.641128771129
0.400022048545
0.415845338161
0.42014766281
0.478730563922
0.515129543592
0.426602872876
0.553714866148
0.691133086292
0.652005421662
0.478482106228
0.435479903433
0.684455070945
0.331063328647
0.263574526721
0.528071997453
0.383084513394
0.781385248105
0.445686276487
0.544344843417
0.359145640567
0.491227038113
0.465476769106
0.656963441344
0.550586165018
0.684492698546
0.574298151671
0.589467242909
0.291944040986
0.468992719576
0.436389104928
0.3999222723
0.624123185846
0.58762209011
0.656772488747
0.637981856546
0.670974554028
0.402779716554
0.524552432176
0.378763998383
0.370244959624
0.457330939408
0.40411221583
0.258135625956
0.529871336519
0.328899511227
0.312718138561
0.45385379875
0.219819748906
0.251411117453
0.548553696706
0.509002809597
0.285066354487
0.704505312253
0.512627110096
0.769401125939
0.226784267858
0.504683750435
0.359088127885
0.560944497217
0.460522548711
0.500899327368
0.525235843322
0.442228562941
0.517026627473
0.749604732153
0.38393870321
0.439641422194
0.737584910986
0.467796671537
0.672203410707
0.656690488478
0.400586452657
0.262660538299
0.439401001838
0.368234904683
0.375465691304
0.568335986329
0.208459129056
0.511252023378
0.515595677249
0.456476838657
0.458820686717
0.450320409889
0.501849141452
0.491338710951
0.489369750883
0.320755583644
0.692201018751
0.49419377887
0.473045695521
0.477379284308
0.317243906292
0.409131873236
0.297800952955
0.336361432167
0.437054113338
0.376574667558
0.509145785904
0.263747241181
0.354213281345
0.468930360479
0.673966347359
0.649631814976
0.607779935241
0.447648445154
0.609075213499
0.453263718339
0.329569791808
0.327215528545
0.514080793038
0.750365010667
0.291061942373
0.52006005986
0.428352732203
0.629596066015
0.289081815391
0.477295695651
0.545211398828
0.648143815099
0.422664512022
0.360603895086
0.51373587745
0.511299458853
0.730198545715
0.882081362241
0.647299450842
0.59342620636
0.369380176406
0.42823949023
0.526908738412
0.416174609103
0.623806049993
0.417714260225
0.575600493615
0.649373793971
0.557306859996
0.587585894795
0.241643516573
0.470563978853
0.575570213553
0.338642049527
0.360614002175
0.663679723234
0.660307246045
0.317103651055
0.423322794922
0.529815491201
0.505966553532
0.426281498595
0.564370117557
0.481285824813
0.256505182807
0.514738799058
0.534517940839
0.607381340942
0.433689286405
0.422140996321
0.507960565015
0.360450101638
0.293910922242
0.484858376935
0.580767096766
0.340043312489
0.681116283504
0.667731233694
0.414145460334
0.369355204462
0.544071416999
0.297342684395
0.156239370901
0.598819653574
0.337205342457
0.253313544972
0.375037296455
0.673843289034
0.598166873593
0.587907558509
0.723031752025
0.67833242267
0.420536210277
0.832006405619
0.462541994567
0.581192918743
0.387690711185
0.584417337452
0.395144924431
0.472157565413
0.468750008414
0.640722932626
0.52017861437
0.496577804932
0.31891219789
0.270366292902
0.680369647743
0.395565506409
0.285532781469
0.394463189658
0.50419244209
0.692549667119
0.287260307467
0.2807909478
0.567608935747
0.410385884883
0.51804128472
0.665947435157
0.620481065298
0.458669471555
0.39958747026
0.582706365492
0.40888997357
0.408877832966
0.519587837233
0.786048940544
0.694894866504
0.380117268285
0.616197370088
0.376213918323
0.401043154514
0.65696424989
0.563988430659
0.388207885781
0.401765903864
0.479987022085
0.621971284028
0.523274377608
0.577670492797
0.628139225708
0.455519685332
0.363850830629
0.581033870765
0.436228654599
0.556938289491
0.617291999018
0.721806652092
0.348358493417
0.583215132368
0.458651241482
0.411704786894
0.750131079053
0.370309485447
0.633771106891
0.485454574324
0.366684988133
0.555134112277
0.403600247112
0.682875868237
0.613603227804
0.579869492838
0.233509439033
0.477424711935
0.445118084789
0.36533251661
0.445301020883
0.184378284864
0.387550594139
0.661919314921
0.607636651947
0.537898249265
0.464007103455
0.438952001255
0.273155391521
0.303335345067
0.514210773172
0.202616950531
0.387103298644
0.393452871462
0.303503363167
0.531615185246
0.249940766121
0.271671652981
0.393146557054
0.337089998062
0.171270975351
0.333235533987
0.461800809926
0.528175904667
0.291831920415
0.461233401755
0.291906270491
0.384594927981
0.648936219373
0.362101931784
0.403382968943
0.10627620693
0.274511275042
0.819983098027
0.488583744291
0.581243836942
0.587489938039
0.193321921326
0.477641623807
0.485094108979
0.204524410416
0.486658103724
0.263608920253
0.585991608221
0.532177081852
0.428972718559
0.621688609555
0.608557431449
0.427655601507
0.364573051415
0.387145739474
0.296321262612
0.486553667858
0.545211475814
0.623161119648
0.269668128461
0.311519191594
0.652592172943
0.383423006591
0.731506623571
0.608942305329
0.628722442908
0.403029025639
0.654428894117
0.492424543944
0.308932361342
0.449859944373
0.405607473899
0.512057702409
0.450973678128
0.514949795791
0.474893995422
0.449586547625
0.449972876212
0.476740918301
0.219878001842
0.239788471682
0.825497955958
0.370627141916
0.389452515161
0.675899007273
0.614971215763
0.59525554288
0.536533246234
0.570019694008
0.253842834608
0.354945434275
0.601159008252
0.777210795158
0.736300017964
0.798827722422
0.469440492901
0.560493562736
0.502585306401
0.785052594935
0.545119552572
0.591684401138
0.233554560449
0.158298763262
0.141472773846
0.185757416486
0.592809758798
0.619636292408
0.102758804563
0.212722783912
0.355932445734
0.397540225466
0.544518431617
0.52954092205
0.524871047812
0.534416600718
0.565220373684
0.493236848725
0.705801977811
0.695407797477
0.118256742459
0.466315659564
0.340935264962
0.558359829069
0.714828054484
0.651047001771
0.561349197246
0.548842934525
0.41399490635
0.268485975221
0.464145045943
0.193835290853
0.417524846591
0.340305186581
0.446806761972
0.432148171899
0.318753572909
0.628950394328
0.452096249977
0.506061149446
0.410351434374
0.489444252417
0.113840908392
0.201080061132
0.234595382435
0.293236135224
0.429268857306
0.333136782141
0.337267647489
0.323052306798
0.216896853799
0.477470833141
0.476715490823
0.514922161621
0.489298886226
0.648223149731
0.716905868486
0.465566159769
0.286333988503
0.298350834171
0.561783208018
0.59131413695
0.368571159428
0.537109114187
0.509506269863
0.511064323755
0.568788997743
0.625523481815
0.441035842926
0.459030861335
0.336844190917
0.351843758441
0.68635499433
0.450614551172
0.302365110449
0.774301503077
0.318163954624
0.699193827535
0.42595190676
0.48483105384
0.379122066248
0.551086845064
0.369435229129
0.585609229611
0.748137830558
0.458033153094
0.513936670545
0.658740089816
0.463403909247
0.648160415268
0.549774330696
0.646445191545
0.733468392938
0.765916477542
0.73883881812
0.667413115927
0.601748622951
0.331209330017
0.700846737169
0.389368380346
0.336305075394
0.223742703387
0.221496772197
0.247667188881
0.242905844729
0.485578787037
0.444106017154
0.622427849228
0.586582608845
0.478614331124
0.3151434815
0.325653376999
0.48528225373
0.469969675033
0.580831294578
0.231125075008
0.260884018167
0.0971770494466
0.225891735821
0.203999829776
0.265643836698
0.359452703522
0.845870833205
0.473668353095
0.442630352457
0.36439040505
0.423906352197
0.340873318853
0.253521475317
0.354266997981
0.428062997509
0.511046051937
0.536695475336
0.306555987294
0.746073479884
0.503055880568
0.565076874817
0.486205531786
0.938008167004
0.338237198127
0.47144911532
0.716265505308
0.72157096685
0.533080620747
0.79730593327
0.459333204165
0.494536240256
0.346382404221
0.611432520105
0.683814209741
0.676344018155
0.501298817774
0.42420839132
0.520254529361
0.281420920147
0.711493635844
0.659370812196
0.878558615174
0.412854459347
0.423891621958
0.541128250713
0.553861808403
0.512580200546
0.512602487326
0.337436398082
0.580350017459
0.365108678741
0.545699955532
0.226685498677
0.316061241801
0.205193794577
0.699433112784
0.550134814643
0.637756670999
0.635019758359
0.595967270165
0.656972272761
0.488426098057
0.277130653614
0.446817694091
0.30341523124
0.419028826737
0.490295044481
0.523647660603
0.42751663232
0.291315772182
0.430958483713
0.703920835766
0.355129908037
0.70430084678
0.759689339862
0.184648768153
0.323569594083
0.395327431025
0.299265632217
0.230711142023
0.518656875116
0.351376417718
0.390153173528
0.329795943151
0.521874562742
0.539383306094
0.50031158809
0.647212994641
0.466378282765
0.304916568734
0.19884082614
0.551969657342
0.510579373394
0.159777347272
0.612942927425
0.555427865642
0.647135010153
0.412809149174
0.905674914838
0.61311890224
0.393351661171
0.523021342652
0.498155101678
0.319638435616
0.415124574318
0.36062665709
0.234891271069
0.481346247394
0.561116186232
0.439343463391
0.346573525701
0.552422102039
0.207230975827
0.467522887831
0.426893583552
0.233854636573
0.856740452856
0.382396214514
0.386542186393
0.533834886234
0.174287517504
0.511626485102
0.256778816113
0.42133634756
0.288977819376
0.511301973084
0.369374487661
0.538805758526
0.513136115378
0.532829215608
0.535052749711
0.568911301392
0.246617723673
0.493678021582
0.652279560112
0.678269207641
0.683657688337
0.355898405558
0.66834349931
0.265298313812
0.381318385991
0.465022458047
0.366382591869
0.340392344775
0.613967402294
0.299856400641
0.450977184201
0.636164701172
0.575049501006
0.432547411977
0.486748370072
0.421655984632
0.548164191793
0.427875183593
0.465779734211
0.742731485819
0.321428453122
0.375382573344
0.349781306354
0.594422299868
0.433588168459
0.478818628837
0.574973176503
0.286583403282
0.508361081603
0.538657043232
0.591500082466
0.444175038415
0.670764655625
0.451303496109
0.558365771355
0.248130924515
0.345271700335
0.427110313668
0.420955788343
0.522044122453
0.448704925647
0.295644244752
0.268903070852
0.222807030329
0.275321015859
0.558006521216
0.466923570938
0.536034150665
0.574654370307
0.45456021333
0.348020970153
0.49398354583
0.543057603913
0.458832928994
0.525811027667
0.595553402952
0.245399267131
0.39272181575
0.503170715875
0.692584136128
0.674110406249
0.290124445184
0.445667481907
0.384224528032
0.789051171423
0.410148117576
0.113187914973
0.405031707558
0.494419313887
0.407407830565
0.686478891765
0.563422510568
0.572546375238
0.680126686405
0.22813164943
0.773036824224
0.237811505493
0.505323068734
0.510682803201
0.535241232184
0.514862699262
0.457322879272
0.717617746408
0.792518239345
0.17009311444
0.531791236401
0.443269575148
0.399137284806
0.31186408755
0.569159394091
0.479622881739
0.466114183832
0.436610365708
0.48015994
0.28821303571
0.258018694659
0.371671103704
0.595378466954
0.461246371502
0.6368193068
0.362909563703
0.222406335889
0.342769594494
0.345193158258
0.373503663944
0.374041283499
0.241873702336
0.632551217359
0.426537280865
0.513947762417
0.489235421396
0.784231063027
0.845214864167
0.852150436062
0.563848320843
0.563462966718
0.780008420599
0.299385737341
0.641103838213
0.714602277463
0.354955337656
0.391704344034
0.246556223266
0.251383514343
0.794088368792
0.450545494552
0.32476216734
0.813205019276
0.630829201725
0.279113801427
0.321613180291
0.660417928755
0.405121717809
0.39741714153
0.432151179534
0.488496411973
0.336764906048
0.434361699885
0.511590373073
0.751868131559
0.351645440189
0.207460319572
0.169288232066
0.629928599031
0.724438313223
0.375490627928
0.555563231328
0.564480626231
0.436248657782
0.790942444398
0.352792906803
0.20618781324
0.269520359906
0.277474625179
0.156125517827
0.184994129169
0.441095788984
0.595898197295
0.424040128508
0.455242881989
0.565792826368
0.51352006859
0.666962922349
0.382341065292
0.510578250114
0.697313177263
0.4251804258
0.363674118133
0.617987390007
0.529306114422
0.250106636675
0.309922153992
0.199982487274
0.298299493513
0.431208685239
0.451550460973
0.47468236702
0.736049804679
0.565598145856
0.304792700004
0.393878388364
0.39468061604
0.455545182046
0.425052472996
0.663961156612
0.540120214862
0.748492810787
0.5131782442
0.301283169368
0.786400090619
0.407974923526
0.356990418596
0.303328643608
0.530934956435
0.500393718534
0.465789969607
0.581211933948
0.371112421882
0.555001134637
0.318088812119
0.372430943485
0.30204904459
0.316634882629
0.34596693411
0.509686904836
0.533325724349
0.491336311833
0.689019546487
0.700992416865
0.427781210205
0.318768465245
0.20690002849
0.478961466778
0.193311149146
0.56276285643
0.361564869486
0.509910720102
0.547955186931
0.440168679752
0.364183424901
0.694481164163
0.589234797573
0.43473267267
0.392096654641
0.852729327325
0.613749942635
0.67995880385
0.257039058297
0.267467292387
0.116005366101
0.106012851114
0.335147432337
0.111368285164
0.897141984598
0.403859591742
0.337602216728
0.569875666886
0.594317488886
0.368520795399
0.302145382438
0.361774468816
0.428386604697
0.297216993647
0.181960852599
0.387004723063
0.55706358283
0.565600475895
0.180509479818
0.645174477472
0.365724699077
0.485706613623
0.526932634474
0.632872082845
0.531152635793
0.535486970969
0.95898755864
0.605716757095
0.651375379449
0.555259422138
0.605136406354
0.681746755489
0.474219988202
0.434197479153
0.291287850304
0.344450560732
0.300979451723
0.373832436298
0.343910033734
0.560993957718
0.461359194017
0.580265451209
0.343134291521
0.437459949416
0.538334354648
0.293976350908
0.485201597284
0.694996683735
0.2873164981
0.427485321011
0.333873920305
0.517904939261
0.566660573996
0.575727822464
0.531694286337
0.349625243555
0.83354795523
0.60441583549
0.386094938067
0.472717017401
0.669488863838
0.323570162957
0.330705540266
0.646093322892
0.347872114315
0.352985885924
0.328553127093
0.371400370634
0.46760054121
0.375625733055
0.460427764007
0.537179307626
0.742455656783
0.571509175725
0.343903257455
0.261555705957
0.461246103725
0.543554674544
0.521607871757
0.613014690622
0.450050921168
0.485545642492
0.543013388677
0.609128060588
0.788036036343
0.887667998579
0.603390665272
0.543712203624
0.792311431402
0.650707988266
0.604256802688
0.557377164547
0.641640757847
0.37472414658
0.487951701579
0.46582237513
0.389275503677
0.510787723887
0.489328837158
0.493456334212
0.343554785781
0.600888933394
0.661483183074
0.449017822411
0.484979082636
0.499797211345
0.622745156676
0.537011890375
0.361791902411
0.530690984869
0.492157581098
0.502913736784
0.395167783818
0.544260793942
0.456259676442
0.610596709491
0.514259533529
0.316783754715
0.432538772087
0.432568776989
0.336412897364
0.448076150226
0.434875177908
0.466355218198
0.660370984648
0.293529589119
0.399506382479
0.178022793027
0.129545502861
0.739511459452
0.272076125909
0.0569120734485
0.141512142537
0.346156407879
0.326221436911
0.219000631597
0.515885682432
0.419088213173
0.356785080774
0.332616976434
0.718282140463
0.486838597735
0.528072536489
0.471921410023
0.760345883185
0.363319352443
0.579528386926
0.494577573962
0.427964556836
0.434385527646
0.362542588361
0.536698890982
0.636817963432
0.410146878026
0.462581093071
0.401150992318
0.62557585192
0.28502386274
0.392049021344
0.567835666987
0.640115190817
0.481005991114
0.426502420014
0.524765906783
0.780188705968
0.455234138765
0.460064914454
0.496173017334
0.834366755673
0.387435961325
0.403860302029
0.641482327066
0.527120810564
0.507994064921
0.671286741022
0.435004924466
0.384697976368
0.271685277905
0.310793095323
0.477367103231
0.440877502552
0.451517935276
0.464532326447
0.465382675265
0.393318633909
0.317993077769
0.349453427681
0.516397773202
0.716259628941
0.470597173221
0.484230088172
0.509515585079
0.114142812469
0.382412672564
0.398933578436
0.361559723489
0.521220014758
0.321344659143
0.149692524476
0.180188767487
0.461268267942
0.210301819107
0.321587870988
0.30804119397
0.466912987067
0.560461113353
0.652115866366
0.57072557887
0.601294011013
0.462986310274
0.419769896965
0.749432324988
0.707420909656
0.57260691966
0.193045152868
0.190821090825
0.22957921669
0.582272531376
0.629030700119
0.543062260719
0.683472888869
0.599032828067
0.47494927613
0.680789624734
0.707112313806
0.603558750259
0.764792979521
0.356782474925
0.442976255789
0.475839326499
0.416400436298
0.473565310033
0.474061380635
0.574242232933
0.68455452127
0.241657229731
0.193178564503
0.527442730275
0.490049882092
0.299054760828
0.277933005319
0.558811178444
0.45614931043
0.655829036519
0.2676728542
0.254780899218
0.256481632773
0.567804337575
0.460582704823
0.406143069573
0.677902831561
0.506504289943
0.310981693785
0.467319742496
0.633533318926
0.727090732668
0.352666601672
0.673540547635
0.320999277681
0.291782331752
0.565826446914
0.624913024531
0.509865662374
0.541193427758
0.51519477398
0.657985501343
0.712432205711
0.38363196264
0.551363885985
0.490141484704
0.556114346715
0.547759491036
0.505289782485
0.665451062076
0.369795169296
0.413772522831
0.460665977006
0.224433690648
0.470612265652
0.542045137165
0.341135024381
0.519369551471
0.508390996411
0.662595216867
0.259891142184
0.426963451691
0.657247288152
0.527515770648
0.208176847761
0.315119362266
0.363466815675
0.173100701822
0.453555364499
0.213711884265
0.292636266149
0.255650390224
0.561426581797
0.536173045874
0.471286963656
0.384845596434
0.349296282877
0.499366135626
0.595168456977
0.123037452488
0.713698300146
0.653049264584
0.535403601643
0.653921833319
0.652878703311
0.382023669787
0.30110073316
0.511886533896
0.421509625163
0.543650707388
0.654089206918
0.585445521656
0.614132304907
0.236170432918
0.592759386505
0.248852605865
0.812645546042
0.37711259854
0.182351581197
0.269741124883
0.227701922061
0.427828501541
0.618079735447
0.66984719505
0.25327530975
0.61674592365
0.487278976366
0.409613443104
0.537772092639
0.503628237435
0.466105637267
0.347306729303
0.682216865031
0.356253792403
0.149874726049
0.382822810442
0.537672936125
0.397292812877
0.523103508734
0.421495475855
0.477436234421
0.643970771741
0.41615856132
0.557222157547
0.524836569535
0.44496726753
0.377447775174
0.624118598085
0.163793809046
0.144794072183
0.480788851994
0.0867658498235
0.574782749795
0.60950043694
0.714824615874
0.610008407788
0.508211892458
0.628141392593
0.409089102732
0.384152021743
0.234522110268
0.435675358182
0.27942075119
0.205597261151
0.217702581241
0.158919073526
0.293142583739
0.356779454561
0.416920617339
0.627234273765
0.295472907518
0.843779298325
0.817758881969
0.364242360879
0.353397390181
0.411945633528
0.680216296616
0.752411804238
0.410503413597
0.585939761212
0.440812115067
0.367624658682
0.278276832562
0.650547651954
0.597647303687
0.465095334329
0.543400724528
0.491387970931
0.146763950902
0.662341560013
0.389393006348
0.587463783559
0.396667318355
0.488322412206
0.588571159487
0.55123611024
0.519674374455
0.441709632447
0.381568810363
0.412291225673
0.37534568762
0.299557428782
0.267197885963
0.306169966206
0.642394854142
0.181385170952
0.360842208371
0.279525459292
0.578527599464
0.392604330669
0.389200735474
0.320771280698
0.728797847188
0.199027546
0.427972746098
0.306141217783
0.427795308399
0.437527699331
0.312610030602
0.544053823648
0.315469875435
0.556759066646
0.643306780094
0.662121611032
0.434619397606
0.448213248393
0.534620357997
0.519901190154
0.245493675256
0.511540668864
0.501085239899
0.517959587163
0.843562683302
0.61408194878
0.564556965641
0.404127844955
0.64477409329
0.32928695862
0.459216209558
0.602300410481
0.58595327588
0.424788131363
0.637689728803
0.681056248504
0.420981917258
0.355249949113
0.585220367294
0.323451987545
0.347033253651
0.303049394385
0.441831485998
0.318845151935
0.28918775504
0.428275802502
0.431570188445
0.465383391312
0.6502088856
0.330737911083
0.34827124901
0.409682955192
0.334405533753
0.3419894434
0.305934608671
0.349066009848
0.279061280809
0.317168740065
0.605086461658
0.394622512861
0.75655435144
0.63275923565
0.637620611262
0.279925606933
0.38571312374
0.288178156003
0.329424388701
0.313942404583
0.380477680553
0.720522574457
0.773019469218
0.447598011747
0.394409782581
0.248541773233
0.40018335304
0.339988098961
0.623678602306
0.739275531492
0.650479124459
0.417284030557
0.391974627116
0.550491223302
0.584964218588
0.322350942851
0.300046648668
0.482905683861
0.373430270101
0.330955960191
0.552604247664
0.388340575824
0.507742345301
0.390421725299
0.595631141291
0.635218033052
0.21856775532
0.271030684192
0.342415430718
0.214478742438
0.695215728742
0.55435057768
0.51951370421
0.472267159326
0.21486274727
0.400269737821
0.543341014006
0.582233378567
0.623560427225
0.648053675574
0.447392664395
0.380890842932
0.474831026028
0.711624346987
0.431034655787
0.433141074909
0.321689280251
0.815995896248
0.662142814869
0.522559717355
0.263438956351
0.377193134883
0.578604617977
0.183727714417
0.529171404294
0.261461522013
0.293520749014
0.299923198018
0.248839852594
0.368860089056
0.672186407521
0.491358611661
0.318824547771
0.544439214763
0.439361925157
0.522353592301
0.583003922499
0.73499391424
0.257031217112
0.291473390773
0.487995586549
0.470525301485
0.655158382918
0.267379338542
0.257047162877
0.662436422837
0.636645520253
0.615422218983
0.374587308514
0.215872005102
0.54533202952
0.477730124128
0.530274369535
0.469503274824
0.437943113334
0.488203785158
0.510412989573
0.461787446473
0.333591320679
0.718450827253
0.518673190997
0.633229209276
0.461346935894
0.418249823369
0.605424989149
0.602456757903
0.221302220258
0.261002414265
0.372131260807
0.391864189305
0.282139827011
0.488528260581
0.386979692997
0.483061155872
0.565377177563
0.398636982319
0.505309040973
0.478339387021
0.578078823296
0.66526211249
0.71501986151
0.420978100313
0.386921995279
0.215925096796
0.278953823317
0.207183619573
0.439898796381
0.294431437628
0.747781108837
0.57909514491
0.421199195265
0.320671026761
0.453005263543
0.567393225017
0.590364528763
0.478654307752
0.60473718468
0.598573869544
0.904406128424
0.894001744471
0.862128925308
0.865625213345
0.415098409709
0.345271434578
0.656785887301
0.532604709296
0.354234141953
0.475665828866
0.401864206437
0.374979708777
0.290937693312
0.713767307514
0.640725422166
0.332143444589
0.648329145456
0.532901730898
0.671994445313
0.341032889383
0.799533019353
0.576147466595
0.699868633631
0.303939046937
0.467341194756
0.646675807488
0.586392136753
0.642714288262
0.574954617172
0.435906943833
0.541472784898
0.753607034843
0.349238813388
0.491472039886
0.775142315324
0.686326021484
0.423469449716
0.334677838255
0.481258372136
0.313071893851
0.345773290247
0.625206926535
0.579777876309
0.335554409622
0.400430879366
0.287173906268
0.475627437848
0.507434277991
0.68242954984
0.485647463354
0.423926977613
0.552719479704
0.472384760438
0.269734658624
0.246330486907
0.333761617505
0.210973212456
0.376610837971
0.592362448509
0.461777603838
0.453481610641
0.508644681277
0.695501556883
0.836064363261
0.618531690677
0.574809121665
0.694738142259
0.548450293271
0.386888738401
0.692703700133
0.314837909211
0.451084170866
0.442241936786
0.505853109782
0.440434326433
0.51847614071
0.475263686661
0.476095956649
0.483103927197
0.183330775053
0.204812499686
0.135433086137
0.479891210995
0.407364985488
0.410174965042
0.389626929546
0.122448534793
0.246499124878
0.253788432044
0.662685459151
0.46488163294
0.375656301157
0.362769185421
0.22184600831
0.453540734859
0.694692169706
0.505707347574
0.599092063852
0.394630995448
0.450802156318
0.331042176979
0.408536271011
0.31554828408
0.493534774325
0.263124392798
0.451068771179
0.494161418487
0.429592143281
0.646323752434
0.547653021467
0.215606688727
0.678222113628
0.570192486364
0.448795949879
0.371176370734
0.160923605535
0.539399639651
0.574320890161
0.695642994844
0.34249634517
0.420301527253
0.558378100083
0.616585348547
0.323216620006
0.594717432199
0.203540461552
0.409456497269
0.180353261685
0.66536877523
0.587087762305
0.672894518751
0.605291630599
0.841788055193
0.323582931933
0.564897836409
0.482098706019
0.784469579164
0.224236680352
0.465155783945
0.331746933162
0.387318755512
0.38545692192
0.49256690032
0.631709924149
0.503966862431
0.772070942605
0.697557934246
0.469370167938
0.469828451448
0.516504128602
0.372915633448
0.60407595619
0.750967321404
0.576480443499
0.672409580475
0.381437110945
0.680872101248
0.545707554173
0.542861454524
0.517228951652
0.675437066199
0.476576126112
0.625019398401
0.628946708291
0.60484507056
0.386302694346
0.590609707876
0.64593077406
0.45690677996
0.802552526342
0.689459266465
0.462283443622
0.572986434285
0.679658623364
0.561167527736
0.481144541847
0.496359490048
0.30162294463
0.714080658831
0.216525179948
0.423762756651
0.598680009625
0.388772283392
0.62428805737
0.514862823788
0.679898942711
0.265958159445
0.410803649943
0.576012871436
0.467233518543
0.393081095949
0.636971059054
0.805173354745
0.394912991238
0.376569507193
0.406158914418
0.320406623147
0.245089504991
0.541314763029
0.621346077081
0.513495174079
0.635723708482
0.42101333322
0.455337428737
0.791229518535
0.521612357623
0.424153913564
0.399227879794
0.407860553978
0.426795871811
0.289473593896
0.468077248509
0.509724678466
0.700968586328
0.517787132582
0.453998094481
0.386648376743
0.760711410913
0.531370183476
0.381611576112
0.22959603737
0.445713305061
0.19957932516
0.421012857801
0.654366665813
0.690350207906
0.557919469574
0.222395862587
0.383888513848
0.481511235765
0.56714497461
0.63007658068
0.515281431692
0.692980604561
0.555738872007
0.594452133555
0.46169912524
0.404057608988
0.60237121479
0.487809238581
0.43229758138
0.438573466331
0.468420834788
0.518762034316
0.480660816422
0.834282742573
0.499020438925
0.357107339351
0.330670178346
0.381453619852
0.373847677814
0.161665730682
0.658472214429
0.481284648304
0.371724298742
0.75501668811
0.530020799847
0.335767296471
0.431617736063
0.615342307692
0.552707755397
0.375147252432
0.580878398993
0.406940036197
0.653538155205
0.352356982908
0.556530724051
0.415129161991
0.552363560005
0.509700911991
0.496468231891
0.640541397714
0.881286711443
0.425188386401
0.343532804757
0.362731942682
0.335917222497
0.12299225142
0.491729208561
0.481334293754
0.421420368189
0.469439098183
0.436666014097
0.154467341543
0.429028199992
0.718455986199
0.485878464085
0.4932942684
0.48255553992
0.381570018925
0.539674620721
0.530302277356
0.482556353174
0.542061321714
0.557584610452
0.51159931078
0.426633918229
0.70091000402
0.398243612486
0.608139711955
0.66842241493
0.565168700292
0.470121195224
0.377926649977
0.422405251518
0.439068807998
0.759450253916
0.37595246657
0.637625008606
0.410800802932
0.464989971899
0.453927747685
0.483902498059
0.489328497213
0.442607625417
0.236527315299
0.463036228663
0.567362917145
0.632476409384
0.677912865305
0.659498665643
0.723920660028
0.476163110965
0.667381121795
0.746966778934
0.740420180441
0.450149708976
0.350250915596
0.310142107386
0.689021570297
0.304769374679
0.402192885577
0.619132631918
0.56225070706
0.533747457438
0.662883815329
0.411128700738
0.449433438143
0.590066139492
0.542205154716
0.635932060026
0.873858739254
0.584397057449
0.379120172468
0.380505267217
0.466584420684
0.494664760112
0.849710564394
0.394413907893
0.635097989334
0.366709403868
0.402234600999
0.496944037818
0.200554502398
0.516379095954
0.314981398564
0.452431024854
0.368580823882
0.242503078933
0.566341712841
0.464486911844
0.613755228683
0.475996656329
0.46323601525
0.276688268717
0.358237752615
0.505836494128
0.421994175561
0.409094796933
0.47055305126
0.289624631795
0.182107333941
0.181008591615
0.522764163542
0.594409462136
0.275546845542
0.174602028637
0.097493339987
0.0720592956631
0.428102757525
0.636602741424
0.537881569969
0.440424328972
0.502308225129
0.601310386327
0.767274864062
0.475380547965
0.60619262131
0.538129660364
0.502363153972
0.46910871861
0.433284535392
0.719996176
0.288770992202
0.149823512479
0.429893370932
0.304120118928
0.731963156062
0.511920637671
0.536470627236
0.289593348966
0.28426909252
0.137191517722
0.546659792223
0.493187080695
0.506018241937
0.392346073973
0.390634801984
0.269406128366
0.534215256881
0.518101413146
0.417588977217
0.316787702036
0.386599640961
0.369612545729
0.382180842618
0.398213669012
0.502553894315
0.611561825211
0.342318874415
0.300334019518
0.369141466686
0.724356853886
0.579990921637
0.560572002623
0.369872719913
0.497210771943
0.266636042169
0.230682243683
0.53041255469
0.325832393526
0.69134539978
0.691164500851
0.619331746499
0.31579710983
0.32299217747
0.325413518988
0.271572493306
0.762746838491
0.430200475232
0.375308165383
0.327034848455
0.337726834855
0.336456322623
0.525083990389
0.393288495253
0.781898865276
0.355252904355
0.344534685564
0.517506804899
0.291787478884
0.354851702517
0.413861667555
0.285755684523
0.481176636389
0.202008629617
0.270118592879
0.605069709015
0.49774615725
0.41094500821
0.586415059674
0.547686213478
0.407537104634
0.538127500036
0.33371569948
0.349573425966
0.623766601743
0.232847839892
0.426423159373
0.335828818104
0.592353144579
0.562369987013
0.383213900428
0.32119341048
0.66310022285
0.370437743155
0.208155908651
0.222224098862
0.520948865019
0.327399761174
0.366400203423
0.286066980972
0.458812007697
0.71008711886
0.499064057282
0.317782106311
0.463909128865
0.366006045227
0.413054113964
0.409322753329
0.289047554256
0.290292653564
0.212317562336
0.454636671372
0.706782107248
0.499622516857
0.656089349306
0.359376524686
0.364634747769
0.492672309069
0.480142550282
0.516598158365
0.49875181627
0.413847322578
0.511172662858
0.448576314373
0.502277720766
0.43497281207
0.46386879516
0.593270064341
0.300758231935
0.408313262323
0.42561611789
0.436877019916
0.495200794392
0.238998762684
0.310374771368
0.422671982202
0.504920199597
0.475019054022
0.266219906564
0.498723216049
0.67006393695
0.565546131878
0.772623521575
0.390900663603
0.654749744967
0.60477012735
0.673909031305
0.689213450139
0.345308587571
0.611563978078
0.454138509411
0.447438249863
0.688117665158
0.569039047797
0.48301872712
0.399982513985
0.351717682505
0.54773062673
0.299557144747
0.702321859921
0.719941778824
0.613480329628
0.50027387787
0.45196117839
0.308047624627
0.359380954781
0.565221640559
0.55006307409
0.412530977877
0.380815149169
0.380362772831
0.540915890622
0.419924256483
0.570689121855
0.356212851362
0.380369449168
0.410668350301
0.472529105142
0.464061226064
0.612252597272
0.506028487556
0.65819406271
0.693433806246
0.468373656733
0.641511351729
0.387367718204
0.348884195098
0.334529335366
0.44858612266
0.522065685341
0.500349632898
0.453183927576
0.526046652809
0.441011918937
0.507932653794
0.381046688188
0.384579215368
0.384735472277
0.576739044364
0.387702327963
0.767313313203
0.539188223481
0.278165585806
0.322486887075
0.535485443021
0.308471820988
0.440620383695
0.376774100036
0.852591448175
0.498482152531
0.499920237862
0.497274524501
0.780582655557
0.635282010062
0.376542070941
0.582311641307
0.479406789827
0.46725137018
0.63354798567
0.443998429595
0.37419686463
0.374225708398
0.520623281459
0.515471295241
0.701473796877
0.176298701258
0.456130302911
0.727823624002
0.460220932678
0.41954631275
0.410310058588
0.422562344511
0.504202998415
0.284239156457
0.344103717675
0.311143524879
0.867038994119
0.423069523022
0.499261768202
0.284763574133
0.403379370278
0.350265588401
0.170973173815
0.298133306372
0.350182015433
0.368991237744
0.673877679898
0.601104371796
0.411212635779
0.518533229545
0.553684138521
0.316601018438
0.4639692659
0.311972154905
0.476325638595
0.606095712742
0.452258840216
0.399933813278
0.63255246679
0.290144173618
0.462628433967
0.622375309661
0.56425667678
0.324997439358
0.512510111029
0.436504484522
0.533974322089
0.361881053967
0.471711417595
0.483594802053
0.576103037205
0.744687681604
0.449508986702
0.468919796941
0.589341400745
0.407841380063
0.613480018251
0.477453358538
0.513152699088
0.33479089301
0.256812312209
0.470575115658
0.688618846989
0.747626700003
0.537952621983
0.720539246049
0.754998613414
0.284714914027
0.592969030797
0.400894259262
0.613352063821
0.188821701017
0.356335454738
0.618176593642
0.430426302637
0.420190156617
0.545637588539
0.481667129935
0.495605559878
0.41112073079
0.214850998109
0.29331142326
0.317232665043
0.624624046902
0.444742098149
0.434593513723
0.418331915647
0.642588552822
0.512874157154
0.684603124775
0.682478761108
0.372459543291
0.441527853432
0.420745978984
0.506120501455
0.387162176946
0.437365536162
0.866331692698
0.251520271528
0.462906450459
0.303466425295
0.456573721948
0.208699117933
0.475499147857
0.559710063615
0.61074933634
0.428210269602
0.30466738848
0.483631902095
0.266174875444
0.329907772361
0.584786366474
0.372432454417
0.436054641535
0.418424106023
0.582064691956
0.707735277379
0.349108315402
0.710826819494
0.318008509675
0.36982649314
0.635571030616
0.395128202588
0.51368090311
0.352172268012
0.563390102718
0.531756293651
0.385189364236
0.49586978266
0.619202371154
0.444459068018
0.537714838854
0.48189520348
0.31849238424
0.239863953267
0.419924972493
0.366561796186
0.289047280044
0.366706310065
0.483562954154
0.480402693064
0.428182028894
0.345350516248
0.407831126988
0.560150677864
0.594624517872
0.385640855058
0.62283566115
0.549546365914
0.553970090701
0.563508721384
0.646999468501
0.551640621288
0.171714218786
0.224260013408
0.657318419741
0.319341653866
0.396788824353
0.349142584021
0.666499672333
0.535332466787
0.480888724585
0.411286891451
0.489093144742
0.394691822292
0.405451126598
0.380561869434
0.181141245708
0.284776765112
0.390025144246
0.529352221885
0.468630735638
0.475989642444
0.632068908755
0.696697898805
0.690948416013
0.34402138423
0.431092612751
0.632806964828
0.346983223014
0.54405507087
0.659337206739
0.448932122817
0.244170146699
0.70525373928
0.330492768171
0.297004300709
0.265479675209
0.345086030275
0.331499617899
0.647102939153
0.558208858496
0.375832446846
0.439119052075
0.655948289454
0.456399328936
0.525318539944
0.253811185163
0.473227396197
0.423848140979
0.423274998073
0.235779974243
0.293108927825
0.545721077869
0.573176773093
0.557472724781
0.383609752483
0.49641788207
0.39576780782
0.450903855519
0.295650832445
0.79843756685
0.590078051547
0.398453214511
0.196906960512
0.368076023225
0.484220211392
0.45986288595
0.536761406228
0.56885611499
0.214360536794
0.398833945621
0.687920619781
0.595477329395
0.579857535935
0.430737371411
0.41519479388
0.413819827172
0.212590553847
0.41886358158
0.621046442853
0.540110344325
0.701742286218
0.714053281835
0.459781594824
0.710629074826
0.498808684112
0.299914671956
0.345915298048
0.420234206961
0.426057074349
0.255865257403
0.626300171907
0.585857594069
0.714333335804
0.3855882268
0.35677923497
0.530932101598
0.377925098555
0.603676349223
0.119213122887
0.513149184665
0.845407396107
0.400007104295
0.227318248247
0.348326120362
0.321638431869
0.24736424062
0.350516205295
0.671102095782
0.599551988778
0.57464005665
0.518483194025
0.36585261795
0.17156740894
0.816651711061
0.64437261301
0.519000615612
0.633732029566
0.531207970412
0.36193095757
0.404197860332
0.426890745974
0.698797679666
0.400728720896
0.246014340037
0.450261553
0.300001178612
0.576341730846
0.566040090599
0.657744911346
0.73508466532
0.622866977473
0.17111938239
0.801992400137
0.311473698414
0.447035986518
0.254751457548
0.442390355895
0.390916974124
0.352998736293
0.335785559025
0.3904083021
0.390074054645
0.479308436984
0.54751579473
0.478343357769
0.772979526274
0.638332960447
0.665492632758
0.479599543349
0.585524283149
0.65816411458
0.567575040211
0.55373227138
0.349712552137
0.265318812213
0.387728520731
0.390203171927
0.475215545355
0.382238403194
0.430924096327
0.676101351708
0.629520580042
0.365588476332
0.505535823283
0.690795635313
0.744444005335
0.509326333179
0.428717982283
0.448953771874
0.472520924094
0.428877007946
0.493815520143
0.220106906076
0.417527846982
0.454887620761
0.270263628888
0.324862038347
0.781264399223
0.597230284022
0.384640519392
0.647024083237
0.336298505887
0.411510800562
0.576309538746
0.483576120407
0.787988625103
0.548129782605
0.322117736959
0.30937365618
0.42784138879
0.530276493352
0.767022213316
0.597532013103
0.657847061152
0.407145481822
0.254995826632
0.483985279832
0.361458207422
0.536699062253
0.466838886936
0.640531795089
0.323152638922
0.494673574126
0.384224801525
0.569476682754
0.569732615618
0.531456800125
0.445064234163
0.550609279293
0.671752945815
0.379849547744
0.377425647343
0.448459604318
0.23476694362
0.649174781281
0.44732340027
0.402622824983
0.460708562484
0.511728529943
0.45205818151
0.734248213819
0.473266374521
0.687297403454
0.385709987536
0.360278151123
0.677016579242
0.626801737409
0.430344038736
0.729151972613
0.384772645562
0.485830222325
0.476240345083
0.800231422471
0.675482435079
0.426291224381
0.511969723763
0.203371416541
0.297386717559
0.473584819191
0.472747475624
0.759800429972
0.760716257287
0.559204988857
0.574184832896
0.763306889358
0.66214210395
0.704117607924
0.648377708857
0.369147925884
0.758729558542
0.532512075495
0.431409845045
0.749943189598
0.684639867936
0.752891450038
0.339427592208
0.488205700854
0.502461219719
0.426764013729
0.602442999538
0.359571010815
0.365168581778
0.474925204097
0.376614774659
0.355118203927
0.448575477484
0.547211980404
0.471460000573
0.476031198959
0.293879966813
0.396113859944
0.366065012153
0.362915282627
0.40914023534
0.538587034768
0.417555371356
0.44094037077
0.170569753518
0.775328028322
0.750139259913
0.552507773599
0.347092779366
0.339436713305
0.666421522298
0.587240125322
0.420540903653
0.162546641592
0.239201777258
0.644342992075
0.487179786096
0.494020937319
0.498256284054
0.516347035891
0.477372320435
0.767906578359
0.662187540848
0.729609592769
0.381974926144
0.698462474881
0.368471836667
0.321289301895
0.303804765276
0.396579989993
0.806483163349
0.167977355599
0.54252595772
0.355459461925
0.538499069039
0.452994345184
0.476097782854
0.659483757419
0.690263125199
0.442904210305
0.503014599265
0.680355780552
0.393284104735
0.552391901901
0.856353691051
0.600158975677
0.56161078655
0.565614769454
0.449492799649
0.226249354043
0.205177448102
0.390479941528
0.315063902621
0.453495133037
0.794052652695
0.484266852521
0.452916717116
0.52920520387
0.696734106234
0.784728764099
0.332470528721
0.316353127462
0.363369582233
0.463393256521
0.425599805251
0.481410160523
0.602319577455
0.58806561825
0.486729388947
0.433511258195
0.383214280479
0.629463497458
0.642675720867
0.760708061873
0.320310885324
0.291434897293
0.733097692208
0.442523892965
0.410226091016
0.607577430172
0.542105245917
0.50952481922
0.556740914043
0.331312974746
0.408023680889
0.62900485867
0.486610472393
0.446808856431
0.406454222634
0.158866561585
0.46272145995
0.637665776446
0.7736124911
0.38043838769
0.519918753542
0.509473273749
0.263137670473
0.443736701717
0.514021067529
0.601657778674
0.452619650315
0.496290621749
0.386854145668
0.389110848838
0.574938101132
0.144332828949
0.202980179022
0.193059624711
0.502010803025
0.828123390143
0.458635678294
0.536323114925
0.649214211438
0.588652631666
0.306403452899
0.584640304299
0.379033412305
0.556753000959
0.632453199914
0.71491720612
0.450614470556
0.563479929753
0.621510845973
0.475653485208
0.697928317822
0.667526279241
0.470516017143
0.412793248247
0.467284398257
0.52262863284
0.566563298273
0.254242265914
0.159456786192
0.505160658191
0.252047117535
0.42540778792
0.32575040013
0.730799051252
0.284214791823
0.563779197924
0.847611006376
0.75213942738
0.428907848954
0.433171039173
0.740751662038
0.371275761424
0.338427447869
0.23169475366
0.66224574323
0.635355008315
0.572118929076
0.607976093452
0.466666639491
0.461875631964
0.56011905313
0.460550201128
0.209600083989
0.491102127752
0.401857480312
0.409319678758
0.33606265213
0.374038691972
0.414282178111
0.497898600644
0.412774245562
0.388372615974
0.606850887818
0.346858901885
0.567027283068
0.565383294523
0.65281198237
0.581003577862
0.354692034484
0.642614321082
0.555749189907
0.406007940865
0.478526474523
0.303322068602
0.256343219819
0.311787667147
0.351407076398
0.704535068505
0.609482665199
0.461388968892
0.521991044324
0.555223877284
0.4298705414
0.398731494073
0.551857302292
0.5400358334
0.339152236904
0.592619443367
0.649383477859
0.474201504557
0.248853333465
0.555040562452
0.541474745254
0.349941885069
0.328690908435
0.438310232312
0.434677937594
0.435618257103
0.222417069044
0.261486233975
0.271644922633
0.164070166237
0.275202205372
0.681910066352
0.461898374658
0.498333486054
0.679623982759
0.614173872993
0.387947240178
0.429190295751
0.169803537973
0.269090502794
0.653413088239
0.311027769368
0.345299415504
0.642191445133
0.485469255984
0.815295916505
0.270002231144
0.327858995235
0.286309462485
0.654474902654
0.673852000037
0.649359349173
0.521993479632
0.353385652351
0.714320269591
0.228964740959
0.130432696818
0.450960992044
0.414987136427
0.628150204362
0.664783264826
0.606610900906
0.408921371962
0.136586328336
0.487868931818
0.304874052673
0.476267593228
0.31774624684
0.640696177273
0.311025371096
0.767519979458
0.252733598338
0.666780174929
0.457055503933
0.385422630425
0.484917237684
0.0895954976512
0.113744097907
0.321199436054
0.697346218959
0.452638074247
0.794196544435
0.73820550285
