0.360249589219
0.817186068932
0.582679475678
0.745803246504
0.609484479759
0.439364926931
0.728429807456
0.500329149555
0.535816277169
0.731741169288
0.631071006855
0.458653220267
0.690242333587
0.521696199482
0.490639867705
0.458620748052
0.811732166065
0.49072905255
0.617403149156
0.617143334583
0.373942378509
0.534648179808
0.647859630212
0.565087887633
0.500598561562
0.636280206332
0.66018125876
0.587220235586
0.558941342805
0.532451687321
0.610362820809
0.507713138703
0.431428515003
0.647709535511
0.229967314229
0.642503894373
0.688805799075
0.620186583059
0.644549810096
0.651817905358
0.516827284008
0.528881142635
0.749850473269
0.508706963717
0.376444679542
0.689455984253
0.658189576171
0.369420945222
0.711126424283
0.66459501136
0.403042387916
0.638034266176
0.593718960244
0.525809230532
0.58610837534
0.588143118527
0.550673903742
0.815153384087
0.371656041801
0.325732564634
0.551605996659
0.680514366849
0.632254731722
0.472395076697
0.763943053129
0.664324928662
0.575173035638
0.531429961235
0.281233701506
0.225089689949
0.463086396123
0.815839997956
0.406972252283
0.683768645121
0.711302958962
0.85624342686
0.708208707081
0.74894394957
0.54869290065
0.449235191586
0.560610827694
0.531281933869
0.809417267559
0.802322294827
0.627620033797
0.479965272659
0.765155399631
0.482483426339
0.743292823812
0.363826172541
0.559907676952
0.454741562685
0.296094903061
0.44727120962
0.464566698744
0.639962316181
0.553430117394
0.649661886682
0.580501420609
0.626908869673
0.656570798979
0.761323411764
0.56084745352
0.565814539905
0.594079331871
0.519937891079
0.659081274268
0.74047896158
0.641809981286
0.621246488654
0.29615701451
0.704135552543
0.404123846902
0.612038074306
0.517975440194
0.609140131336
0.60283720014
0.611422124159
0.714692684665
0.663857609386
0.555342370498
0.691388047377
0.353038391315
0.516168474701
0.53350596587
0.758625508408
0.176540253665
0.658576628802
0.686592332659
0.749269719454
0.631272544973
0.589812889105
0.251245986144
0.506717310045
0.600721277923
0.644329884427
0.50636965917
0.465143521645
0.643019142191
0.670105342489
0.833937729858
0.624194022855
0.640405798597
0.615984985335
0.524018031401
0.652355102876
0.51494220326
0.620143328445
0.391109430121
0.539287691449
0.36692523766
0.56066749981
0.292498496518
0.718609361612
0.361757758776
0.626963130228
0.476613165028
0.620058376214
0.691868995741
0.785470666275
0.793066851169
0.74500331464
0.529903728095
0.605445957865
0.7463515506
0.843313961583
0.731328196687
0.618836675734
0.274025254066
0.408728994966
0.515199972816
0.48100449898
0.302327472785
0.542812180748
0.790231687994
0.320837396308
0.561051397286
0.627450017938
0.587771368208
0.544693905187
0.647208033483
0.296133657826
0.655463346876
0.654467290615
0.205212335759
0.696320673109
0.768116258955
0.255609949186
0.51778553497
0.443517756726
0.645790800259
0.51579114635
0.642965991913
0.480599610665
0.66322468411
0.774248709177
0.515759510738
0.48214534253
0.633529414491
0.455505366888
0.755046645732
0.261108314102
0.364836065658
0.580788329418
0.598414041958
0.608343442159
0.248969016011
0.41933202542
0.560696894678
0.41017401029
0.436012553082
0.670913098914
0.630994722398
0.326435917607
0.617842393878
0.660227997708
0.791842837854
0.542335700321
0.518612874894
0.682825081762
0.657334986098
0.425085034744
0.374847206566
0.414707210412
0.40917165906
0.750102884923
0.726034963688
0.837582294375
0.675415521633
0.594143830183
0.758099523695
0.351645476822
0.688117665449
0.583118392714
0.64051038974
0.406050176663
0.405679245046
0.63246321005
0.181312315239
0.813459972244
0.527376132797
0.81289254251
0.569875235516
0.534255560805
0.649631641443
0.770988012981
0.523198542603
0.72776503129
0.701262302313
0.556018440774
0.588291612253
0.607185477249
0.564976116516
0.470349174842
0.455316995781
0.363369958048
0.511087755459
0.491555506502
0.625674660002
0.589320974155
0.676747149048
0.803777563926
0.330520630042
0.519665065309
0.621731262401
0.629815494519
0.598948536176
0.727000592047
0.626062985206
0.679074511867
0.501598969577
0.42007123245
0.625582380276
0.373640329
0.467962725004
0.728208215191
0.216173960032
0.667797249057
0.674321786981
0.605270830813
0.589810130408
0.571979969178
0.74888552241
0.475257118427
0.635471377158
0.733728169962
0.770567192547
0.610973266388
0.658920059647
0.503823175427
0.428718042252
0.415325641923
0.666517872972
0.320896617226
0.783599009184
0.329259082484
0.564342881238
0.508277156514
0.760343659426
0.780047626371
0.538827935304
0.602351041896
0.641144461057
0.699316557145
0.645694056801
0.483958028193
0.698965861514
0.43352613723
0.585280596258
0.571571288413
0.413681589717
0.602747716449
0.694376828848
0.516547076647
0.506644547864
0.718001539988
0.476172625646
0.620137361691
0.560446381816
0.625738126115
0.273781511119
0.652108553243
0.461610347414
0.592107432589
0.414221671944
0.198602674369
0.58395330121
0.723396186389
0.649954643733
0.409342627873
0.539928729565
0.645920649547
0.692744237584
0.453607896476
0.538980293779
0.44806877435
0.485170832334
0.519196038499
0.682848132799
0.452292605066
0.379741738692
0.260155852773
0.725065776263
0.46743334427
0.72639547412
0.675227046764
0.549205106069
0.772531865672
0.757376102256
0.505839971942
0.447051130097
0.359515312262
0.502256038379
0.608513922201
0.621620784786
0.363310218052
0.559617538072
0.530412148894
0.641810098736
0.432597267014
0.469716808615
0.554325634156
0.542493309512
0.549679212797
0.256659231217
0.599361886935
0.504941271943
0.581955138356
0.539805412249
0.389457475271
0.56470240701
0.510672695429
0.513404528211
0.343176007491
0.485131473692
0.405078405314
0.444270177037
0.513432443235
0.820248466169
0.590634039093
0.671113347894
0.544596525314
0.674273569582
0.790764170456
0.491993561221
0.481629786556
0.560004271168
0.733723012993
0.841278429511
0.39504840013
0.622109402102
0.591024742792
0.842145015829
0.526166599462
0.541624987085
0.626255061254
0.778979054384
0.567500331996
0.568587858319
0.70389748109
0.632616019377
0.86620421932
0.866646952551
0.543603733544
0.409472847744
0.708390831899
0.548386734408
0.671137538609
0.529348264856
0.599869026692
0.462818844852
0.722352056276
0.60071023627
0.544085064737
0.709696658912
0.483757145306
0.510634039044
0.654131288131
0.51821380785
0.400071036866
0.809949339685
0.654848673413
0.546216137036
0.452471624351
0.505627711725
0.657922414612
0.504769512819
0.755415028215
0.58182805115
0.553534541264
0.516164490843
0.611575092051
0.593278168481
0.687409156865
0.585850931073
0.745130783083
0.227212535782
0.734867955128
0.731784130055
0.629508307289
0.309864911061
0.536758052065
0.558995505458
0.617156442978
0.240108314114
0.572604956269
0.177298756522
0.29298625103
0.523311027476
0.198687551569
0.544839513098
0.205872069322
0.745009134754
0.763900688168
0.59270428742
0.767969714327
0.745807845873
0.715782289279
0.833617248919
0.677032152204
0.646530087369
0.378287673111
0.633231343368
0.523763209389
0.314084078872
0.189295599921
0.578600600384
0.457914037047
0.531367430233
0.536049671365
0.563855626476
0.752523651774
0.541831095571
0.333336056668
0.65972746033
0.633228003037
0.841033469954
0.203748985828
0.219229572702
0.773197112425
0.60227111589
0.68370398039
0.83268551151
0.847767017807
0.586934618707
0.6136348767
0.637928059894
0.598034803661
0.536750275246
0.596025598041
0.831556823094
0.673916081761
0.37183488468
0.659037100281
0.419772593986
0.681856540083
0.547369857384
0.660841845735
0.686520619922
0.680923624289
0.586089979085
0.716187346791
0.575067168003
0.544126244501
0.74668173004
0.434665960931
0.477760232122
0.645170231546
0.668499144865
0.643817175558
0.55289287972
0.612565878818
0.592094831042
0.47579607091
0.526011726434
0.669094470585
0.78867603251
0.458054718521
0.779455846309
0.508568104224
0.488889705821
0.595364866156
0.583728916528
0.655204394264
0.762645758938
0.737562339847
0.419450690682
0.406970523858
0.483343108611
0.440295027904
0.668331131478
0.203224549124
0.542832197829
0.762326380178
0.744061000809
0.655030565164
0.63666396222
0.64751782461
0.511233800195
0.586502783488
0.547838291324
0.529005459579
0.695202738647
0.570274834082
0.410254198683
0.712844824386
0.389569742545
0.445600506856
0.442991765211
0.401371849305
0.451689150237
0.512458983211
0.533231217692
0.840601204732
0.217911919041
0.586849170755
0.508800368938
0.388643971045
0.743678226471
0.573060278966
0.766968135046
0.362587467752
0.361451974572
0.799209151055
0.554570358985
0.825370772752
0.552465640457
0.452864857842
0.390756559082
0.517754964647
0.347351247424
0.775726964354
0.392718944141
0.700683475365
0.736822260496
0.590812974231
0.657243968459
0.550290150187
0.471526978352
0.391522467882
0.434434299945
0.320620286758
0.684132080341
0.773912448724
0.770956008105
0.526580238997
0.460161272507
0.665308620079
0.555117947563
0.665084881191
0.492064677265
0.56951542913
0.443604761785
0.707136950076
0.629499153098
0.578102059032
0.564573128768
0.563405054029
0.482393176377
0.423768415199
0.471580478672
0.771094171771
0.53976718664
0.529668022452
0.625338308926
0.455155633182
0.336185217873
0.787142420126
0.4980704696
0.666348199647
0.661067369214
0.562208525973
0.752895378244
0.807931609075
0.691655348162
0.67029394475
0.536528111667
0.517701397493
0.728400255816
0.719309857668
0.820322949805
0.546641722297
0.587785006783
0.383301869235
0.736073094948
0.548429946564
0.602909817561
0.340292490182
0.415015090554
0.295297486404
0.322132243482
0.66882880214
0.715923756471
0.489406200959
0.506241332028
0.452065429069
0.525185652481
0.682126180818
0.533880788632
0.645503682543
0.705517970406
0.486494633898
0.564077737716
0.849380601915
0.732939811302
0.341731518033
0.6894139567
0.371334216406
0.67056679263
0.737774344614
0.616874073448
0.463371169227
0.664751784138
0.670339742676
0.407654260296
0.484759154366
0.406890452099
0.690057860498
0.45153129637
0.47380192189
0.49381137173
0.676358519752
0.563236021518
0.587559290887
0.583527889402
0.498797761751
0.535836087038
0.232023404045
0.474474944844
0.282708689803
0.380914443304
0.426302172258
0.544339904301
0.216129718698
0.29747028854
0.488475038164
0.676427101222
0.542798815344
0.725098944632
0.719672297368
0.778615390802
0.778932732984
0.723811913375
0.524499447798
0.57151802043
0.598393491123
0.73475404494
0.639115553373
0.342561502814
0.63348790444
0.721750415671
0.722906553673
0.565694614391
0.57133967624
0.648313659649
0.374038503574
0.357249342834
0.596267286294
0.536432143968
0.408005106222
0.896283018075
0.654694370798
0.751331561991
0.489249041892
0.469453481172
0.53701888193
0.504329155896
0.438420475957
0.640697844923
0.515938703692
0.399041504479
0.407055149087
0.804871226105
0.70863238998
0.667196250085
0.674421515041
0.579665980239
0.862064067296
0.793292985555
0.854097122283
0.824386357352
0.445958584856
0.369191225759
0.529130256202
0.56028788177
0.453116771161
0.551060503159
0.465898527343
0.55640392358
0.383637492679
0.68274405404
0.275924316236
0.527216533974
0.569010994645
0.49232477215
0.540531143167
0.507511860513
0.704576380629
0.653424589037
0.698573299516
0.272957113153
0.41813808706
0.342868588092
0.220984610037
0.360683333257
0.623688149494
0.266184751279
0.83770921239
0.509195294656
0.473032257457
0.475675375154
0.515354909024
0.350163198534
0.454123944731
0.700708017236
0.534290626377
0.599011886726
0.601032857264
0.340318530802
0.775239877743
0.590100222988
0.483036442191
0.598969200543
0.903425553721
0.560946499771
0.688678536637
0.476672990854
0.736963843754
0.76727333609
0.891405079192
0.554478906431
0.62330149098
0.42799875875
0.624016716473
0.801241796277
0.670453047785
0.769664321749
0.623196730479
0.544588300207
0.250888238919
0.693676527733
0.478275519322
0.835868295694
0.462075008601
0.432635091626
0.592723597881
0.845326728392
0.618080949622
0.457810543963
0.452077635431
0.323439925456
0.425717046476
0.485490304631
0.247088995234
0.660143524915
0.304769811337
0.648048084881
0.571849394032
0.643656299079
0.726241092985
0.696703636198
0.663486755346
0.243921504049
0.421688871475
0.452312242387
0.585328788621
0.498699373545
0.62067660461
0.52803334495
0.503762289423
0.418828384592
0.527607504495
0.765590682988
0.375229572662
0.730265691615
0.846457319099
0.566366980578
0.415922952066
0.778074887241
0.702526875239
0.435286229245
0.566195753413
0.628763653636
0.704662910828
0.494227997014
0.669875125529
0.584413905573
0.384761979877
0.452695980666
0.720300303912
0.503667703494
0.547195455443
0.646477376793
0.731945047522
0.213486971652
0.631373195898
0.467696130452
0.714255937278
0.324257716944
0.822874592785
0.695158415263
0.680377959726
0.611360184744
0.512962080866
0.490124415983
0.381436691545
0.494739613362
0.586654077802
0.484403559094
0.41250867828
0.432699021962
0.66797809626
0.757042602573
0.451206589662
0.751186329217
0.81972214833
0.408681571236
0.887504293312
0.6279285557
0.532883828576
0.669086619223
0.554787038724
0.402611724671
0.494211648984
0.514305778149
0.538905018133
0.665885653024
0.492527223873
0.731715200959
0.49171902012
0.709598231998
0.48605204596
0.803290830643
0.274632926703
0.739635002724
0.442149395537
0.63650442252
0.509958472583
0.371822021276
0.350432859183
0.480447083838
0.461299512656
0.585946010033
0.493807429092
0.454243903262
0.668046126742
0.415065830175
0.525422662804
0.486731625455
0.76999400334
0.513441524992
0.710180169075
0.595969290593
0.560253642264
0.683847969412
0.591678754815
0.769819448967
0.568748460742
0.461771741941
0.65050764789
0.636538544174
0.457035144676
0.542804644669
0.619894922266
0.491649389018
0.374110231011
0.70361224967
0.541157407817
0.552891705488
0.724090863732
0.588314755633
0.755094034582
0.41140332226
0.476791770637
0.563373364628
0.608765670591
0.706724077269
0.54170773743
0.552135832715
0.535848494113
0.19886275322
0.687748926353
0.593832816703
0.586414780436
0.678221111076
0.487992401127
0.614889341418
0.598658920743
0.590467746155
0.442316818952
0.487889941704
0.348182654935
0.546074221844
0.180097916998
0.372514303606
0.633462311027
0.738946759483
0.645993072733
0.494909644451
0.490200725105
0.706409488768
0.830694414617
0.685539099721
0.255748650466
0.598267100321
0.593286333234
0.467804649534
0.808100698732
0.545395735024
0.584358578755
0.632258320896
0.287250960069
0.698138041033
0.257786783926
0.763005124073
0.61606547852
0.717917191363
0.613445419986
0.61760401983
0.537927394973
0.761058001875
0.448796525454
0.688691898745
0.45031120936
0.492686456229
0.607779387008
0.668356055078
0.611079663404
0.703924799564
0.563960394695
0.453061800629
0.465284695302
0.533342685128
0.459228859527
0.461109680825
0.508500465088
0.463821319557
0.486935911299
0.326845255239
0.629817424852
0.621226511845
0.511236474487
0.535604303928
0.534563642593
0.564541993554
0.502838390371
0.624158716354
0.463422910732
0.789612780564
0.798076708101
0.863410980974
0.661404026194
0.603773943387
0.864500006635
0.539610529709
0.626740430697
0.639503005974
0.725063806829
0.676051711032
0.551601952244
0.677184438702
0.705914633501
0.547759788811
0.396177429786
0.827803206309
0.609830090937
0.516623311039
0.541524419401
0.621834207545
0.616433011016
0.583732368495
0.467147673387
0.498143866626
0.625674915873
0.576333717742
0.76137701287
0.780706101821
0.519994990526
0.474157548219
0.612620023925
0.78714188523
0.775260128926
0.6308975528
0.387807897638
0.325405043779
0.588449417121
0.61450691557
0.543845252389
0.565339121573
0.417179477248
0.480803728622
0.168948633737
0.190377495904
0.758223653783
0.762843550091
0.644624134673
0.512603143575
0.506998346504
0.489297873428
0.668039450774
0.360913790862
0.408559220491
0.727583170197
0.429118297916
0.472869977519
0.652260340709
0.588619897882
0.555725725258
0.674448769754
0.536288559565
0.37796261524
0.59150668023
0.714785795564
0.828592772977
0.645794311615
0.670703755818
0.551534014
0.53862049566
0.557691924562
0.584125710935
0.582611215616
0.721683610527
0.537513363528
0.643192292842
0.608578444272
0.476003127515
0.732821944671
0.532114608964
0.502489026216
0.39398198832
0.472163248094
0.453611483533
0.740757235929
0.649573287996
0.493987709275
0.554150986649
0.503537361247
0.555997818096
0.333675042332
0.515125639034
0.508339781062
0.477522326245
0.737668286055
0.818431876254
0.728135763537
0.600563832582
0.548285828929
0.606015711936
0.372256900258
0.629868847499
0.310133282923
0.453075045079
0.594736171956
0.55217613796
0.674338193279
0.428553527612
0.488066034701
0.839254768548
0.770954709267
0.788133239653
0.601564086945
0.912783636996
0.71178431693
0.81267852712
0.521424476366
0.50433952189
0.25551754551
0.211333449449
0.680644233737
0.248525956067
0.84085582832
0.640322597368
0.586444032898
0.768762444963
0.613803239937
0.499752155462
0.462039467331
0.642381501126
0.575138212318
0.53808529923
0.496183295226
0.513897852051
0.683556226069
0.608859582194
0.455940827719
0.643038746692
0.390707243166
0.518797235738
0.733733979211
0.718961698236
0.680803344486
0.695562884222
0.96349568241
0.601968522544
0.69629649696
0.521330062479
0.552676205657
0.681595354851
0.459477714224
0.550088955166
0.542388319888
0.73040419594
0.451320016905
0.43021250186
0.327523510926
0.380199738939
0.298859960113
0.595769416632
0.502285342559
0.548814177627
0.497737427819
0.343299986609
0.531723888793
0.580334010458
0.468780994725
0.447533480233
0.300761592498
0.567304134903
0.651973422189
0.481278592505
0.695001994821
0.361144282207
0.824300599263
0.746647818751
0.545834059587
0.279645832251
0.613186462912
0.430679792694
0.629756358698
0.635517608055
0.607457795432
0.61653846404
0.304899902742
0.687566472896
0.619490732523
0.668258872159
0.763695009658
0.643922143853
0.785350531301
0.384215148584
0.467338414574
0.504300739049
0.646119630425
0.606845448836
0.626663174781
0.637688467882
0.646168396358
0.67966947009
0.508871551581
0.430115007403
0.426527013506
0.695343680565
0.462262790635
0.377962281244
0.504731213476
0.31779255034
0.472861766167
0.546608020038
0.787187432099
0.601991618776
0.581390675543
0.588425090874
0.698487356886
0.631110063344
0.500039507637
0.628227266059
0.571462978779
0.669753379217
0.67876472407
0.492370673679
0.412513080136
0.460547360331
0.681725808534
0.668590818633
0.476343203673
0.557666798959
0.574450001803
0.493509456108
0.360666170598
0.527941989741
0.503358522172
0.626881411237
0.56858232556
0.464352715598
0.438978614312
0.505872063576
0.480874160623
0.499904214885
0.57306165116
0.704314067654
0.763086065219
0.685577224336
0.59301224267
0.21202030157
0.252867753951
0.664354149641
0.302495205575
0.237844449549
0.307700029191
0.681697861194
0.670365425173
0.419219953812
0.56620521577
0.480451644487
0.581997604147
0.453173076392
0.519202114924
0.425095816743
0.478250409443
0.494830442147
0.738121319662
0.339341142511
0.507400940681
0.667632862625
0.494065824426
0.533148489426
0.436662377742
0.633794367569
0.782304997701
0.560014601549
0.529484038835
0.641612319519
0.64099813692
0.480277613935
0.481263466571
0.623530479358
0.652019270253
0.476818003083
0.531673670288
0.677761830755
0.859749022778
0.446449298183
0.569791686693
0.463340976027
0.733659357065
0.454540770192
0.622521052095
0.641346386528
0.694101988997
0.638476335112
0.67820179087
0.494951131749
0.618333398304
0.420013032912
0.445719611478
0.683611880798
0.616742294843
0.712737193949
0.520719788808
0.362469115859
0.462915477747
0.65955882801
0.300723275083
0.543914762695
0.608757892313
0.634816679172
0.608965492171
0.487815376468
0.424967073921
0.521206018334
0.728832820613
0.728264046987
0.521050237839
0.687715656166
0.310839768917
0.49124320035
0.567369405331
0.345835978299
0.501157504276
0.713216206517
0.507877643128
0.600076175244
0.66360206475
0.642486721008
0.734596167162
0.57405977629
0.577383994636
0.733780152084
0.712679864013
0.583446181208
0.368534835127
0.506092698909
0.306010917567
0.781242714279
0.713752300823
0.675534317378
0.847464563403
0.604508827164
0.55506847534
0.678597782016
0.72745766102
0.416047263377
0.639470255162
0.354741623495
0.547868807188
0.47361311783
0.515019351066
0.395450691934
0.666565416697
0.634674458804
0.815792898074
0.494859931805
0.391579829511
0.496472519333
0.547491535786
0.501368654972
0.669150600602
0.654475367543
0.580451144005
0.678860194112
0.490121372033
0.425841138867
0.329669391782
0.666614931499
0.583664774232
0.463123539637
0.535524187932
0.410911099171
0.522546202413
0.598171314139
0.519521288004
0.796667729095
0.424737232143
0.730776749557
0.483392744203
0.306468862421
0.631637622308
0.67180518818
0.712826555678
0.794413924663
0.797291914569
0.766886330624
0.730493669936
0.567851527782
0.690536448751
0.698768632393
0.605214335914
0.601672661705
0.637193548785
0.564850191016
0.531532358482
0.499017466103
0.544581515831
0.419310606578
0.472587406254
0.526103819161
0.613265402553
0.564588654128
0.702067609079
0.717601933232
0.452534837913
0.506134459135
0.641142755138
0.515398002341
0.3208416729
0.597731259917
0.612667992227
0.431222982351
0.55610847802
0.533750291792
0.507957883022
0.276824488491
0.655818812086
0.741771615767
0.647350251312
0.570212738506
0.436579584827
0.547325127143
0.587872521388
0.588016364733
0.809803056047
0.659312856305
0.447688713006
0.615274539948
0.608465638114
0.555956701239
0.488429051699
0.46242422035
0.557766338106
0.606400782487
0.564381008523
0.552269507128
0.795094748083
0.554576894828
0.68330705843
0.665631950345
0.674368031458
0.578960956638
0.599461589884
0.634250324246
0.454737976955
0.485555736589
0.618099074768
0.630282148423
0.48352539069
0.610084629212
0.680241287325
0.65980283536
0.717104765484
0.604287118935
0.57330876469
0.619450135817
0.68733604067
0.604994624557
0.35523738631
0.686778383198
0.412837414188
0.542745936592
0.246270704842
0.42319635096
0.551081020192
0.67026947873
0.626004987128
0.610029224015
0.631451589685
0.600606776478
0.457105957093
0.770684183278
0.503049676949
0.437042039704
0.567862769171
0.371907395423
0.700483391409
0.587658538175
0.692982096235
0.344767724088
0.345878203057
0.396712952227
0.620369490377
0.657102882588
0.518408771498
0.702648696566
0.305223160684
0.379560339719
0.367220880925
0.430056602773
0.45215931485
0.365135984357
0.725675784966
0.608048733231
0.369075030247
0.773417954131
0.7825620121
0.632534813016
0.604084498193
0.506142646006
0.860605315629
0.844256388458
0.789645550321
0.798446678854
0.755035794979
0.790223394571
0.534538313195
0.63342361452
0.658274110266
0.618189701816
0.530561877321
0.694467474757
0.432195897045
0.741983809358
0.459598177886
0.662070628176
0.303441287567
0.634992662216
0.617446206907
0.72931107203
0.552566230268
0.674434149385
0.594123770175
0.45304283168
0.733375629297
0.595730695531
0.574045350519
0.650071193757
0.757362499247
0.370552433816
0.382617274339
0.355159600514
0.502840726259
0.425821108681
0.320173541675
0.508794869988
0.769813601009
0.20234351912
0.579656456745
0.201691726013
0.426621368878
0.563620885852
0.508543691557
0.83956832351
0.563429493796
0.628674545043
0.848244799125
0.440416414659
0.518842546246
0.497718452954
0.609878980956
0.358983366128
0.509359578726
0.579612378897
0.504547380668
0.772597299076
0.833481771751
0.615606610993
0.629770450193
0.488420632038
0.628517704795
0.598704902083
0.562044238536
0.65160071478
0.594603929937
0.497880433209
0.76408187969
0.758040118992
0.350438412914
0.651840509466
0.751409151427
0.523877375351
0.512448518096
0.4304656288
0.554978134066
0.395362355753
0.414820012027
0.599326356026
0.723690787747
0.608980963179
0.546959170956
0.741049585083
0.584841140277
0.412343757796
0.339943983831
0.416166795512
0.32344483684
0.254248655989
0.39852308697
0.624076360473
0.466917883754
0.548543012768
0.794093097108
0.88340738477
0.856798306805
0.371297974026
0.392210232733
0.479515865063
0.337062481563
0.449412015853
0.470291420339
0.794282271893
0.825547797202
0.721738786916
0.609693427061
0.526626492443
0.543869263599
0.438942928184
0.58673387002
0.737366706162
0.388141761262
0.485344017961
0.476936542719
0.518297800866
0.725679438129
0.472942594424
0.578492474028
0.65273228297
0.63609016559
0.612676589825
0.56793208526
0.62378914821
0.613403029652
0.520284613625
0.537372344876
0.573837715596
0.229446257008
0.618683999888
0.22054259717
0.186105475621
0.720404392746
0.661461281822
0.448376439521
0.415827678528
0.55048299264
0.576438673025
0.596864686545
0.347086144893
0.622821694626
0.523109720946
0.470343191657
0.707912629994
0.690021137654
0.838840477431
0.688392690549
0.613205239611
0.477633707579
0.70636516597
0.635607963258
0.630302875821
0.440552472613
0.732560773347
0.485694709447
0.277925941939
0.483377402433
0.3568962611
0.334740045553
0.484717363301
0.304865693503
0.635246357665
0.533107904456
0.375913921282
0.445870579316
0.623498245657
0.376420236325
0.479963645137
0.412289543431
0.701356286593
0.4794731724
0.503467121091
0.550951199404
0.553402400557
0.733388748266
0.362661432226
0.331947264992
0.611198839575
0.758414980387
0.731717841169
0.592446729108
0.555809495777
0.683085584907
0.279481732078
0.467521484086
0.590941866943
0.662069754197
0.590663139857
0.570005819409
0.556619804182
0.376713055981
0.801423457043
0.465913800206
0.746053772398
0.657246187586
0.526164820937
0.613294904283
0.683432940378
0.548850445812
0.537236109724
0.588339944867
0.412484106403
0.446094822875
0.34521333132
0.636948042051
0.731834401596
0.740003630541
0.507045797759
0.548507616509
0.574057696284
0.355124935923
0.696142433811
0.70012802608
0.434944501183
0.383903786317
0.312011006836
0.375296507413
0.366101127242
0.680484889982
0.555031331955
0.873226620197
0.745459839488
0.739684146801
0.579956590702
0.719338325448
0.58283348046
0.560244381598
0.583401013434
0.641097062248
0.465402219497
0.940504401826
0.912217255714
0.770892278137
0.789877408793
0.521701602546
0.405588934649
0.519977444453
0.6882460482
0.484680319869
0.568796382424
0.684404290777
0.134552791214
0.139630687653
0.595040943452
0.66820903621
0.303307693773
0.735787175544
0.718333635071
0.695565436672
0.709494444187
0.859022847954
0.661789431301
0.657093342324
0.411531306219
0.716812419914
0.645289401425
0.640697496964
0.749819261581
0.80793630877
0.280421180433
0.713864062849
0.750741444195
0.463545941459
0.539228776541
0.695998251263
0.768915191013
0.693744136462
0.708624126474
0.719652857296
0.492569538823
0.633418774762
0.621015091985
0.301977125519
0.583785487842
0.638088890397
0.561633976206
0.58235876523
0.518568008719
0.744125902262
0.598451607214
0.663045422799
0.501275031644
0.561477610963
0.455734896579
0.425880976152
0.518592283839
0.361940503405
0.638084036999
0.709853370093
0.573377471836
0.459841279794
0.573311845849
0.675037845096
0.865372916024
0.585484842761
0.696297397485
0.774736423498
0.590297280971
0.495648474096
0.781896922304
0.712715610235
0.666433998334
0.629205633234
0.536211142211
0.48062935226
0.568510485942
0.699556722084
0.739210032582
0.611908661112
0.498689140139
0.32904091385
0.292847834066
0.597015509489
0.652081568201
0.632292221964
0.817777970741
0.140686803931
0.368609726891
0.311527288892
0.729440654298
0.606329574322
0.716454148722
0.581645965426
0.454562740337
0.502031661445
0.729148466061
0.560632290745
0.635504609271
0.690539171523
0.485531192996
0.649890459683
0.689070908743
0.369864037571
0.763629863886
0.400304841851
0.435648334471
0.654477811104
0.62778900919
0.477738376408
0.677482268371
0.436786533486
0.628030062904
0.596116138257
0.413430960153
0.52961159475
0.403517392786
0.599693850002
0.702908589186
0.791290039385
0.423586361007
0.483609606652
0.658133870446
0.663216274515
0.444004559631
0.718095654627
0.240674926848
0.542556425625
0.430228402784
0.487747745764
0.558117236953
0.671510883957
0.717822722869
0.846680991173
0.643079688373
0.667092862825
0.676384014922
0.538868119799
0.661232414223
0.464102200121
0.331296198056
0.54189491209
0.489209759101
0.51047363588
0.660156990115
0.731404815755
0.767690894754
0.740139517781
0.693208598023
0.538346155438
0.628102921935
0.663043656267
0.833782126314
0.70038842719
0.606403887142
0.645410152385
0.589723555301
0.543047553037
0.556759042795
0.466415171394
0.397100262302
0.531107450392
0.510966457166
0.733157950511
0.780478483393
0.529524243726
0.518618075963
0.736654657161
0.720030257695
0.562551695963
0.651703742204
0.734314576307
0.473851388441
0.589185512915
0.609749568841
0.473432861418
0.692587592193
0.76278094173
0.604197360434
0.648108608568
0.462843834607
0.571898097065
0.689379753624
0.575354713878
0.59381610147
0.699052986947
0.745977530894
0.281804217969
0.456666332784
0.519748689521
0.581273589124
0.586145085865
0.74916810966
0.817412857978
0.373859379203
0.445892623056
0.501672058907
0.55685482099
0.537682266004
0.517861829996
0.496401741186
0.602277650441
0.558875832211
0.659323250954
0.667165789373
0.785795790823
0.576022917599
0.709622768783
0.633149274326
0.738982174448
0.694002013279
0.667819876999
0.601155984176
0.519979890892
0.771123382978
0.60499496997
0.508828615753
0.462286441777
0.70037398364
0.640883681155
0.424370587456
0.363716240077
0.407803677868
0.195234652718
0.649500815516
0.727762602506
0.819580818008
0.626827261186
0.464278281403
0.471187876039
0.50421305317
0.452294444853
0.751049682946
0.735588236762
0.750027870088
0.681660294177
0.586946760334
0.656355681437
0.639587580563
0.715710618668
0.637477438144
0.461525540792
0.611548831669
0.587657411584
0.688202571232
0.691553899158
0.805237514564
0.409811546441
0.601429662133
0.618734897145
0.719236442177
0.415431565887
0.42949505365
0.560030112144
0.36231919167
0.511349908299
0.498098862426
0.619039637914
0.353963893659
0.331652646447
0.621621774908
0.476239600398
0.38640762394
0.806132598726
0.57410404337
0.643253310823
0.591235708034
0.382666718216
0.352654918476
0.521938887323
0.546263222084
0.398383105552
0.770098230657
0.701791773925
0.481157428114
0.358002786676
0.613273442712
0.420830162803
0.274549922176
0.515888028048
0.510156986468
0.738861646856
0.670839709761
0.758613520625
0.254589973109
0.565899766372
0.773584561421
0.437276962778
0.554153265309
0.561911453455
0.489754644278
0.561936122634
0.594334639094
0.739188589283
0.709816688737
0.806081762717
0.613761129108
0.502431889471
0.741474304986
0.388701721748
0.498221551627
0.735944414889
0.518696395307
0.656416059328
0.702524503841
0.756280838344
0.569681642886
0.797696363548
0.683470303097
0.698058279215
0.591418447722
0.564604749922
0.662944675108
0.525749920281
0.54660115664
0.374852690062
0.315615707154
0.485973672552
0.641388257462
0.764264615237
0.758725363804
0.542686973901
0.803549274077
0.57343585266
0.505580201826
0.752082586605
0.537818219434
0.664223955989
0.500568107892
0.659277309022
0.780558638052
0.421597302221
0.409003715054
0.610964505421
0.6448082082
0.582418274011
0.510245768526
0.685731547492
0.321659377495
0.722386895999
0.803497650734
0.808652626243
0.898054544575
0.729697832196
0.491774201682
0.58325762702
0.580366901509
0.696957769127
0.837001811916
0.428168566469
0.805228463438
0.653497018986
0.692527251046
0.681949725249
0.42369078879
0.575771740905
0.422072285882
0.535581160525
0.493199079211
0.498048412983
0.600001860742
0.401351405029
0.575639293231
0.580086265611
0.630896286214
0.377857178922
0.715579342099
0.599016386563
0.61722299121
0.689061153678
0.615282182639
0.418248785331
0.380551347184
0.423861094486
0.465794438157
0.624759566641
0.679813199582
0.526391145418
0.42768055395
0.24316232164
0.50801897252
0.658675302832
0.571443534097
0.58556203449
0.725602931545
0.672761746969
0.72419616522
0.633301298045
0.673308965675
0.45092645301
0.576329774297
0.594280603249
0.546086838814
0.744323594901
0.334325293594
0.284168958712
0.46722157678
0.473936145143
0.674442629338
0.764878149672
0.639016982974
0.421384945779
0.656347405546
0.237948312134
0.734991693509
0.547171384143
0.599704344556
0.407728917026
0.469983179453
0.467665702673
0.592062059825
0.612765808302
0.479050846016
0.479234256152
0.55485889455
0.724858788264
0.68283403552
0.597253332358
0.678129365357
0.600622785215
0.437102666409
0.313042480609
0.588366281594
0.663792500824
0.466921253462
0.642215370979
0.555633258218
0.623934609188
0.234241314732
0.483426470995
0.565053553668
0.234812366381
0.765779563961
0.658483821386
0.545767240566
0.411196881175
0.726598146478
0.64817477287
0.531089229477
0.775127993532
0.507529455096
0.602326353305
0.310395759685
0.47633589653
0.519358288156
0.656114623949
0.482959715858
0.408222559059
0.336940658931
0.550927931487
0.487066586041
0.353321391452
0.438678118579
0.56161117664
0.394014463298
0.662841068444
0.381707748252
0.666552237286
0.655454484104
0.621345448381
0.523380371155
0.617486421921
0.664489024669
0.535471692156
0.626697947975
0.42319976978
0.517830900291
0.609724982853
0.193931555883
0.559358644782
0.416481035609
0.654659439674
0.4542032543
0.444081197867
0.191561857013
0.765762287118
0.551112753711
0.411139355911
0.582904298089
0.662265524797
0.639667445111
0.569712943274
0.461529747668
0.613580057695
0.508165750195
0.653113414859
0.619379869267
0.593620814302
0.451754591081
0.744004699387
0.447620441364
0.696964561238
0.340911317834
0.516200928022
0.648104703865
0.590220347864
0.483905922441
0.765572666376
0.558363204679
0.694340992961
0.637829719164
0.443162907374
0.337664457187
0.867399653508
0.594258506183
0.536691330058
0.48331722094
0.522596988159
0.604798126098
0.566517348048
0.792434981861
0.503222975333
0.619289748633
0.389649353101
0.644210233389
0.702247148356
0.518501922837
0.51541759123
0.547548592056
0.636075050623
0.562440896934
0.618983619871
0.496211104179
0.805572614587
0.543488377428
0.714152341016
0.446131747603
0.642720489348
0.615881165774
0.71646494898
0.676875560314
0.45408788028
0.640276979262
0.554692737611
0.58077667607
0.558342967501
0.395953432778
0.465532140298
0.525656362015
0.60823119995
0.528249556561
0.306504022896
0.722815615563
0.786788284977
0.710484747919
0.604498511633
0.330676196396
0.407692556276
0.312113896885
0.774299675209
0.545964734489
0.19095132364
0.319464140392
0.505780272136
0.755633853636
0.497972082878
0.653993729126
0.251484895384
0.642036761009
0.471850623986
0.549339850549
0.43911861638
0.422874173731
0.57943396744
0.735095880782
0.719968064104
0.47365028116
0.857472696435
0.577929279003
0.497183203324
0.565910625438
0.675971871246
0.537926047557
0.517686471813
0.739324958485
0.676138393803
0.61170719859
0.738930463767
0.588941822664
0.500119019853
0.474520305855
0.654407287421
0.580211914732
0.860015950387
0.536379045351
0.364439232356
0.504746784884
0.508716067023
0.702867031756
0.610929320585
0.444019827778
0.740483482942
0.427374588164
0.464903502871
0.356479951782
0.691706745164
0.62294230329
0.434369343828
0.518770508365
0.495623472197
0.578535060045
0.634013853839
0.702561440645
0.667912885558
0.681628507274
0.634070664507
0.761269801011
0.728561565556
0.503019106009
0.525918118095
0.547469891011
0.469186503825
0.588728991672
0.616489863507
0.424095073327
0.64339289941
0.323186819522
0.588374142388
0.510511755668
0.893981252682
0.714897344652
0.673647583874
0.347294520963
0.515314886769
0.43140155905
0.397630287504
0.51289513636
0.453542294705
0.524285666593
0.60803464499
0.687486820807
0.559353471518
0.584471222688
0.601540155942
0.663824807086
0.500888382815
0.466607821785
0.588171768507
0.733726305882
0.509498310661
0.498987731351
0.738715223125
0.583577979845
0.66736951913
0.675623024004
0.621803434374
0.415563686875
0.686811298017
0.478197100334
0.695797157868
0.58206391372
0.549778866621
0.777612251021
0.764186692469
0.789068486616
0.581844486065
0.515319054861
0.414982382229
0.588074958282
0.468811113973
0.52988006584
0.456841499222
0.294080517174
0.450119688
0.489594682849
0.470009275111
0.529401971817
0.472514442704
0.664047746648
0.620908671322
0.374150462184
0.60903147484
0.387216237698
0.72705780641
0.327642415238
0.538877343408
0.705631171501
0.625260191223
0.641581828976
0.496858704276
0.623473454576
0.716565826226
0.379878932621
0.27398664828
0.345487314225
0.629452199966
0.770424274559
0.443522426327
0.444125729693
0.56495235905
0.707352525972
0.660816344841
0.659454041135
0.617214613118
0.398802688726
0.595857702319
0.555979387879
0.584467504813
0.651217317788
0.657081055746
0.926618780095
0.351620448665
0.472265384456
0.471241404957
0.687869416277
0.405794975417
0.614437922017
0.693635135761
0.696272866531
0.404965563477
0.466207984226
0.614877606564
0.549295334632
0.503844134214
0.716669977791
0.763387951983
0.745809437664
0.524206263708
0.668996039651
0.777032214922
0.548717778949
0.750248156187
0.547013003612
0.55690162
0.705311904523
0.706080338224
0.647471645794
0.578938020795
0.465065399249
0.55463161341
0.476134584766
0.509610830949
0.66578643659
0.338296416928
0.739370464459
0.613729925506
0.378738723655
0.347296818476
0.340497098348
0.440651568212
0.629000534053
0.732672183137
0.721703138987
0.582184474381
0.785858294006
0.490905182792
0.396315562677
0.433910028515
0.623691577403
0.522389605721
0.683530083006
0.682667318918
0.524843672274
0.467551231838
0.406437013017
0.511483388154
0.577474626916
0.557738727709
0.36797551672
0.434943567998
0.430883378811
0.23378607364
0.678213521285
0.742517459009
0.608739049105
0.489786551556
0.468893499744
0.564758539345
0.494318661313
0.609372427866
0.390258384008
0.491394840753
0.544350996391
0.63369974963
0.762212473298
0.416400632624
0.553865380486
0.527817751855
0.804563944446
0.317268871256
0.397032939725
0.614096777261
0.433009825498
0.639668097695
0.704025076042
0.675792275595
0.364676810937
0.717427525559
0.597820979775
0.578179282372
0.433904038968
0.61075404558
0.560888883857
0.633766124452
0.508773330699
0.549028816213
0.429170654996
0.665517688262
0.604058567309
0.657616028839
0.381648878638
0.675763265362
0.770080944203
0.515312878499
0.442780372211
0.385485190241
0.688424750637
0.723529759511
0.564967158187
0.347333130947
0.512022715214
0.551087953435
0.537470312508
0.779157761256
0.858794588894
0.576972538227
0.446038686846
0.678863400994
0.511142432172
0.604706823676
0.591343446263
0.647710291528
0.84433209927
0.550202982773
0.399723568916
0.735475574221
0.600130832713
0.479156974115
0.404713650362
0.520532719042
0.569152860151
0.43069697359
0.633773227427
0.710202835338
0.598482216786
0.801720596763
0.629797427158
0.474651357574
0.599394732757
0.460863752346
0.447488669162
0.616957840649
0.478600578991
0.692248058032
0.549836711656
0.630178050365
0.730336597006
0.786741455957
0.301367715329
0.669443328353
0.669914781072
0.627085010861
0.680934797357
0.412359327048
0.65937441428
0.81392295795
0.613096703971
0.460567811838
0.444098269437
0.46054759098
0.420030965831
0.567859848461
0.848462980881
0.661708351048
0.717505681137
0.670874584029
0.521254048334
0.589649004052
0.888966929218
0.680578592733
0.567099254036
0.809790880128
0.65220565237
0.724125177341
0.428892224844
0.540908786017
0.848488904552
0.600116322917
0.545178933813
0.469468628695
0.49447488576
0.444143580173
0.644502830706
0.591652048227
0.649773743772
0.678169698063
0.498127795247
0.816946270253
0.518381519506
0.626030338377
0.280549063927
0.404081925614
0.585532368974
0.631079781325
0.670659918519
0.67270518073
0.572160246271
0.638067821809
0.748836457372
0.635156343457
0.71554820659
0.622162313725
0.773251672534
0.477655582662
0.451757749746
0.849976020648
0.766006598775
0.78487253166
0.45419074978
0.658521234313
0.579877700778
0.529104340942
0.662877984777
0.520950461601
0.565565103037
0.767781736417
0.625855819881
0.404810988265
0.458223616738
0.665335065723
0.735276780872
0.495731600666
0.681284074293
0.459618981717
0.644956675463
0.768570738297
0.61168193277
0.429057909384
0.437598171311
0.474481137839
0.433725116834
0.550025359067
0.762139715606
0.717062727843
0.478055833851
0.524280942824
0.661788481398
0.394933168145
0.712034667745
0.597993434076
0.866939466116
0.420528354232
0.514746864843
0.417207041019
0.488649305022
0.370460475075
0.54794137022
0.513987763754
0.707446161228
0.659677267301
0.642755981401
0.538792348577
0.371681307109
0.590013765047
0.545988353199
0.768764097185
0.594695419042
0.739766217749
0.550760916708
0.731661556355
0.767925754071
0.731137927158
0.68676840204
0.697770978279
0.693125090769
0.465418926412
0.389030117038
0.50782741908
0.511590258932
0.445249961041
0.643256544586
0.498921052254
0.329001717403
0.409818088451
0.525057848413
0.757981959573
0.543924593372
0.680570543964
0.541642441933
0.441926157215
0.662483514538
0.546733094563
0.664181278935
0.897564363507
0.627267417763
0.762844737718
0.544186541727
0.802844122573
0.720643334658
0.481635088364
0.621535457161
0.382818737143
0.433742885021
0.630070559062
0.615218592625
0.724923028159
0.710577852381
0.583430053751
0.536810109564
0.621473309303
0.627435095731
0.690764098274
0.860264943212
0.740427647873
0.788957702213
0.638715859101
0.539727006518
0.750140737249
0.776333309155
0.822598022833
0.642411841064
0.826465748436
0.762194691714
0.702798700838
0.755615775707
0.234339482629
0.448750475422
0.595064762632
0.524120533054
0.466691708236
0.561581740061
0.681147146405
0.601075444958
0.666391062199
0.355095149021
0.415839863222
0.456563575813
0.661119092327
0.455555574122
0.578584854351
0.537839974583
0.588004375081
0.415701228862
0.794504300236
0.757969958254
0.39440181221
0.456445964548
0.420742874953
0.763395418811
0.707031746315
0.617687973478
0.586931227552
0.493992232627
0.498740836244
0.567143870247
0.433796040756
0.46741258331
0.628660689792
0.625092924018
0.764503712838
0.565063337569
0.741121973753
0.581848402398
0.620050639013
0.770928326749
0.471342642129
0.604578268391
0.658449172897
0.66994570762
0.585192369
0.59764848182
0.516304766102
0.601716910673
0.626357962251
0.585811779146
0.771072311603
0.799212398157
0.71586600944
0.579240154889
0.804467519683
0.521541362245
0.528318234459
0.932944546295
0.776241469694
0.745269077426
0.606148603397
0.612793440314
0.312531648407
0.372380919299
0.559728746125
0.43322613042
0.559003422863
0.823664596478
0.657962113556
0.554207618249
0.459005765877
0.631378719139
0.827687964202
0.509574002534
0.492250698168
0.362871595264
0.497128315347
0.573907148262
0.528320053857
0.79265518337
0.651164839037
0.377691047157
0.632695695141
0.538311300365
0.731590613036
0.653420131268
0.70241235904
0.492124530592
0.614442923324
0.766607630516
0.677151559252
0.518758151849
0.530065005093
0.559866218571
0.587088249083
0.619573689579
0.64247733695
0.485296119621
0.835625716511
0.757229178573
0.621847563335
0.525526357902
0.602700003071
0.626340210409
0.704520705068
0.860531589488
0.526816797527
0.498037539142
0.537692881319
0.586763718702
0.625179893884
0.492055594142
0.528321024949
0.515970730893
0.501718923587
0.51550875822
0.540490942333
0.748090039203
0.574086941865
0.560718799675
0.641279161411
0.693320115281
0.723992723282
0.526574323835
0.492816489882
0.677206641979
0.489877892083
0.377914100899
0.564024863395
0.447667069934
0.619437058885
0.770115305533
0.644072660763
0.703329476046
0.752724973765
0.613096631159
0.459625345681
0.74236020106
0.40740174174
0.399862945676
0.518020304545
0.457708890777
0.4653523154
0.466424563246
0.393375235779
0.533841557775
0.526941795165
0.538621078618
0.463182371904
0.370561819369
0.736859114098
0.427786259958
0.747265275287
0.762259766595
0.758132604333
0.701389572319
0.715485205707
0.745510728228
0.496606620131
0.434462236116
0.236028337922
0.401642525247
0.601316301831
0.696939001815
0.805198811772
0.464874862243
0.500703135167
0.584281529826
0.477273301506
0.342778061414
0.485818495047
0.491019687507
0.70675295509
0.712601614603
0.682236461299
0.586970450033
0.562735896158
0.538177064802
0.493508051947
0.675531138251
0.443350754467
0.657066438404
0.650755738575
0.819616019236
0.64342731406
0.498063756382
0.682198362602
0.773894649607
0.661811374015
0.637348822807
0.379095493603
0.597980697519
0.442834205967
0.513202170033
0.85296052154
0.729918834793
0.727671308957
0.659306579305
0.665442113058
0.639995462506
0.768858289667
0.552957345649
0.641597335796
0.692858889195
0.701050536241
0.605826628631
0.483555643144
0.588408005208
0.498134366677
0.446002802708
0.525535183071
0.457847243941
0.585930356172
0.294170582986
0.441646798066
0.403779901615
0.394411120284
0.371635321327
0.52436683545
0.582118860615
0.780657247843
0.562648655037
0.516794032646
0.770177735575
0.64734091344
0.521066199912
0.644399719226
0.581530324178
0.498706827063
0.729404538929
0.577511325166
0.273515677988
0.80072044078
0.578033106739
0.934200896861
0.310204483891
0.512731027994
0.35423008303
0.577602958772
0.739161193935
0.795258888621
0.6379930952
0.538612416961
0.794552443676
0.551055427543
0.440374939899
0.521835787983
0.622408776244
0.586350919044
0.639110026055
0.534886517523
0.704303104584
0.475372097973
0.569169754719
0.63657509042
0.722163971202
0.433329389166
0.635670660705
0.200674151541
0.668042533523
0.411984606788
0.814260545618
0.546818552771
0.799375985064
0.629583039492
0.240980158824
0.26625118943
0.487632472712
0.620976123346
0.579987449925
0.790590074294
0.780439265027
0.360249589219
0.817186068932
0.582679475678
0.745803246504
0.609484479759
0.439364926931
0.728429807456
0.500329149555
0.535816277169
0.731741169288
0.631071006855
0.458653220267
0.690242333587
0.521696199482
0.490639867705
0.458620748052
0.811732166065
0.49072905255
0.617403149156
0.617143334583
0.373942378509
0.534648179808
0.647859630212
0.565087887633
0.500598561562
0.636280206332
0.66018125876
0.587220235586
0.558941342805
0.532451687321
0.610362820809
0.507713138703
0.431428515003
0.647709535511
0.229967314229
0.642503894373
0.688805799075
0.620186583059
0.644549810096
0.651817905358
0.516827284008
0.528881142635
0.749850473269
0.508706963717
