0.469871331087
0.588344098459
0.479766137261
0.606100970014
0.286464612876
0.396571972517
0.648534137766
0.181165910962
0.128902961006
0.5430954251
0.461721793276
0.421970886391
0.541175323682
0.506492712531
0.537397391834
0.398969410034
0.735632410018
0.208270761385
0.514341504723
0.527486530027
0.409572110049
0.544973004075
0.450749104736
0.433902252899
0.191897468837
0.509789952637
0.427686509199
0.355130243609
0.45169755745
0.41871170988
0.279226307991
0.488688336228
0.373914778253
0.432948857834
0.145537711826
0.293783054813
0.24985091224
0.210082736573
0.579847964891
0.46083455099
0.542558543399
0.550942286375
0.585383900008
0.276719740396
0.186471573692
0.263159003506
0.464301621861
0.412000054623
0.417182023615
0.453500021182
0.260133371774
0.509081168887
0.427045264742
0.474062033584
0.464097712442
0.439330814054
0.556418581949
0.734852987458
0.568855409898
0.400392879871
0.549638783155
0.29054219428
0.41976013359
0.541312540068
0.535141259112
0.570546318302
0.423808002177
0.547520106736
0.627314627697
0.382464319392
0.285562041171
0.696802489709
0.344158899981
0.413124151273
0.317561844028
0.621649772355
0.330975064035
0.350432933242
0.269670823703
0.205295051346
0.36384652207
0.21593241884
0.571158741977
0.466224876508
0.35443089973
0.321913608742
0.402604974469
0.329171958475
0.33552811734
0.406386305699
0.509304097697
0.474576850629
0.122831055815
0.406538301033
0.406133834475
0.427891928718
0.27812485523
0.481560166088
0.311293899366
0.620544997184
0.337851144032
0.386306813528
0.441278260552
0.570078116161
0.525574335665
0.440006080146
0.387334891159
0.546605382716
0.544132923991
0.586130038122
0.268189662102
0.527031458969
0.292835694805
0.642754453621
0.662868212041
0.301112574822
0.350041534356
0.518326945358
0.559360181536
0.314057500034
0.199060354067
0.217603627351
0.366388999562
0.311416078913
0.490668937801
0.455313965982
0.18249023837
0.449893261501
0.458523270161
0.651302364869
0.532708654297
0.305468410529
0.348710471051
0.613922050315
0.353316098188
0.478402997822
0.304775300727
0.525855544581
0.675744072395
0.660133757989
0.623260952574
0.300603716426
0.524156244142
0.321331526154
0.206408069664
0.294514938233
0.499486563799
0.30391624384
0.510075537234
0.255425717793
0.124191313123
0.510827428337
0.350309968752
0.522117941733
0.203792111525
0.527610143847
0.385613337146
0.377076755818
0.416972545069
0.317880300862
0.156497533249
0.763806493117
0.41182803756
0.581945296548
0.810633256765
0.739373106674
0.398289654822
0.214495740867
0.217712964381
0.297188281621
0.389228176545
0.207139173459
0.318974610038
0.308599852961
0.556495161796
0.592879044076
0.643281347819
0.367822265501
0.514982093728
0.256776415805
0.279532136516
0.0966968428956
0.299650681107
0.388996684308
0.277246591111
0.265434037288
0.659367102758
0.138190408774
0.575795138393
0.2425014013
0.279441226064
0.516704828315
0.583024154376
0.354586305197
0.213070252477
0.366300405034
0.332611568976
0.605885388776
0.39238481379
0.593434882354
0.319808357013
0.291519772659
0.2706575666
0.470965539375
0.312586456174
0.281635260184
0.33115214886
0.495650188637
0.356758523438
0.31639396193
0.389512905762
0.564613900068
0.636753221208
0.48517585797
0.30716377427
0.375620215828
0.481572218149
0.423053044438
0.217802335906
0.508266131162
0.265408585729
0.196392502162
0.337176772218
0.544494001454
0.315178905294
0.610896297188
0.618460411435
0.54502830895
0.284511936673
0.178598044585
0.34153352187
0.48677860059
0.515271019193
0.571729058632
0.313654071088
0.541034114569
0.326798986858
0.299715882791
0.289995245647
0.482243320544
0.272353448873
0.551618403097
0.338975323285
0.357386544225
0.632831626178
0.475971780212
0.392978450673
0.6363386919
0.38042932418
0.24225609402
0.290692693265
0.298284004321
0.371666125538
0.415507003481
0.298905633189
0.29675355885
0.313002168501
0.445525116103
0.274260628367
0.343169936637
0.46313051882
0.479347614283
0.307738837954
0.446604661502
0.369112582663
0.557256309802
0.453796846424
0.513229931703
0.232335554706
0.290442954795
0.389489670446
0.391497465111
0.528955267998
0.372185693638
0.428120777146
0.618953543526
0.385022164551
0.502158066637
0.371184878057
0.248144950829
0.346363303087
0.679287913263
0.638384041113
0.327860458072
0.527449405001
0.532751334593
0.638320096305
0.282246201757
0.447753190365
0.594156329449
0.281118229892
0.339020403881
0.417731676448
0.426825145472
0.773285447827
0.473957701782
0.428476627012
0.428242313228
0.542374153071
0.518368499438
0.271434137547
0.350616147837
0.500707469719
0.462895987345
0.414568567499
0.400839941558
0.550250556248
0.37898176424
0.250391334308
0.48439715004
0.461044223708
0.31778505978
0.43880057523
0.61373120169
0.337302974137
0.429763855691
0.158835048474
0.351284437715
0.537601052857
0.383354118874
0.307270508577
0.425694079313
0.249881148472
0.249475284001
0.347611679673
0.297793999495
0.226936518465
0.679155777457
0.687081309322
0.107467248252
0.600262098312
0.372538389825
0.50808714028
0.276447050297
0.446754299581
0.306567347313
0.342091065551
0.307960068742
0.254394116601
0.420786524757
0.357777238421
0.446887361937
0.618547796592
0.333205792965
0.396722334574
0.515044964731
0.375326436287
0.558477442412
0.674475766105
0.287864128289
0.291164001465
0.33811382538
0.202051851532
0.531332909049
0.532859580476
0.100639786225
0.399782308525
0.291881927191
0.318717035712
0.389207086933
0.191015328031
0.257959962872
0.286400641604
0.194856618101
0.372197001615
0.637107241846
0.347772513326
0.473275397838
0.535642830804
0.502927715678
0.466492002623
0.174065522598
0.266424171614
0.355584925603
0.279537803997
0.388568733284
0.20699226499
0.127858360088
0.386544985539
0.425378944251
0.50410474793
0.390098610118
0.317553139268
0.558772524133
0.401188961406
0.386233828342
0.385951712722
0.611023462562
0.555247091807
0.296661691732
0.432947330742
0.326934635679
0.575860859601
0.411432928462
0.459043463218
0.433257072628
0.605415342678
0.43483349337
0.494622425046
0.235330654193
0.346880134988
0.645566463943
0.919620696556
0.652758772783
0.515895796525
0.346148431284
0.359558371917
0.47458682338
0.424769318668
0.38496068593
0.399792433015
0.472156197351
0.380238498957
0.353742837733
0.50588879412
0.137131039235
0.329388272384
0.498753097967
0.30990861217
0.151909263744
0.498125308539
0.225875450693
0.371676327783
0.351882632089
0.0858497937956
0.463484979124
0.375920504722
0.55252112429
0.444703117176
0.386046896031
0.359545664574
0.335704895448
0.381723045765
0.430133917022
0.473707728107
0.404096224586
0.268209624038
0.394876889914
0.455633112906
0.322751027349
0.343967090056
0.451996614018
0.432672792124
0.501971804251
0.458536931994
0.517483734759
0.446270678613
0.283212533014
0.559985585076
0.239034436822
0.459797067799
0.345939716896
0.431034797414
0.470631065296
0.41422509359
0.726723604835
0.653699601506
0.496368200304
0.831219736004
0.473879154171
0.497846303616
0.374581529667
0.345522036295
0.304214294168
0.344154552224
0.336999816494
0.514638931945
0.48709633172
0.694819107456
0.543514034729
0.347296649069
0.606626526196
0.422900401203
0.187654769745
0.335201312837
0.574066321858
0.597821835558
0.10856840849
0.139746898681
0.513201499951
0.260825934745
0.560441531862
0.412708515654
0.703388990228
0.3118766247
0.262857255928
0.370703358638
0.43627078985
0.324597231621
0.367606620761
0.738770290117
0.630371110905
0.477519294014
0.505475002412
0.312278413159
0.340450777933
0.424134995824
0.467350591804
0.437472659001
0.326309646503
0.271401560631
0.465825385803
0.552210863523
0.501560868985
0.253048069817
0.286102565699
0.385319149748
0.492716145926
0.563504208127
0.692365093457
0.609755974342
0.635793043536
0.389581482215
0.432397283056
0.305211820035
0.358506622036
0.759963817041
0.204105112413
0.64528211098
0.280376644252
0.449637879627
0.624345635099
0.179582408932
0.396743625372
0.595271966951
0.465226600135
0.384014969617
0.155072325703
0.331986417317
0.231095524507
0.613692585005
0.15800563959
0.417577031137
0.540308824936
0.551505508912
0.325363068927
0.487627733454
0.282288336633
0.21013772879
0.180108529676
0.367964706341
0.189947519584
0.245703797848
0.210546281439
0.202811514018
0.705509064904
0.194096787725
0.264981426678
0.316656978593
0.306949084393
0.172813685201
0.518637305596
0.346911850256
0.479841839704
0.353811151527
0.43888642219
0.265775717109
0.303723709495
0.736732571763
0.408468492836
0.454417162765
0.288885783514
0.30519490487
0.54332758894
0.377539109123
0.630721711357
0.372208124409
0.220936880023
0.337744961334
0.24097018091
0.291338665829
0.413141599817
0.566864307806
0.446365145665
0.492368804437
0.572661417894
0.488201617775
0.525081404699
0.362523060654
0.314899797053
0.273654942944
0.382627607746
0.3549390173
0.457078397696
0.3507798898
0.394494734289
0.234463878795
0.375714423318
0.446009797481
0.460307306489
0.532593974542
0.283185639842
0.397185932393
0.513668812237
0.428108479775
0.251942838681
0.492504289473
0.334947031148
0.4491617219
0.206257483332
0.385840644933
0.301844617916
0.255018953884
0.441883719356
0.38673858212
0.172479687723
0.326763195792
0.796952357012
0.369549576001
0.478064645771
0.646085433308
0.604360825455
0.373824689325
0.494153173887
0.462520677775
0.152808946342
0.196943213818
0.321393753218
0.639619241235
0.620357206233
0.851190590943
0.408487048434
0.638238725045
0.341730700017
0.64871913773
0.488923283035
0.613520711908
0.129731424264
0.190256938581
0.245785721339
0.306452991715
0.583950745774
0.574695468537
0.17035185523
0.3696633007
0.17335502202
0.364877615378
0.397366442589
0.386679186592
0.283621164253
0.359117702618
0.326598305227
0.434687376928
0.711480611596
0.654299440729
0.174770501817
0.429729223643
0.436336428002
0.599861580152
0.713960524796
0.489925151292
0.549178734659
0.566718359169
0.509973157837
0.344683223512
0.328733440521
0.33077864006
0.204074931175
0.414216548556
0.231431611464
0.490532832793
0.278517408176
0.61720689736
0.51214207981
0.40442415863
0.44854878792
0.516931567627
0.187481332263
0.406199317476
0.156975368812
0.253145724522
0.307635096102
0.262012762806
0.380211647171
0.328486123553
0.245900677551
0.422483396408
0.230164091924
0.304049182437
0.618711046884
0.728444110529
0.751208863398
0.450872623201
0.192203483074
0.182489478886
0.436042668642
0.627948011585
0.487398107982
0.363144907764
0.553271007218
0.461500636532
0.614508622883
0.608077423634
0.309069719461
0.437556214495
0.445785104953
0.238933284662
0.434767426705
0.480906052012
0.29357950698
0.510873422919
0.261550734352
0.717491936508
0.307275842464
0.429861209932
0.421438514322
0.411317930308
0.158703063141
0.716781591881
0.701574089584
0.430101648728
0.448395682377
0.614771083169
0.38803745219
0.517436161755
0.582245148268
0.490998096774
0.618489736536
0.644479369492
0.59423866922
0.499371681579
0.379952734748
0.157525613162
0.602745725861
0.50430731093
0.329183572651
0.296939009091
0.343699017559
0.335090340973
0.161393766684
0.369837943
0.248129002648
0.51009542922
0.655965499152
0.576835860648
0.319665086621
0.375453944555
0.631187939141
0.476604867663
0.534624584989
0.113526922118
0.308371123915
0.0231326948028
0.171120418082
0.0545710501514
0.410666660114
0.336545635265
0.674540359147
0.335675977176
0.355209009162
0.372015336432
0.185236833234
0.128758446315
0.145384070841
0.493969523038
0.398052577768
0.621951801575
0.626658665783
0.355580163929
0.628132995809
0.208771860896
0.388777067559
0.660412717726
0.965369123231
0.435789343448
0.526460242871
0.361773855695
0.814966765883
0.647048001196
0.73983504033
0.347015948244
0.587180176811
0.250051101227
0.380258778119
0.538814605085
0.450732113095
0.667799879445
0.479367252447
0.419812504591
0.25568640818
0.646967031398
0.609187542905
0.739898246529
0.284978890512
0.320658612016
0.450180652551
0.548143970084
0.536271513565
0.177099208605
0.144557891569
0.543489789813
0.579243985918
0.486268895349
0.190658422883
0.345814222186
0.217124246413
0.647539492339
0.390271900196
0.594349932008
0.553242849925
0.450244099393
0.518585935016
0.312533188436
0.277124321504
0.514225085878
0.444916939007
0.176977009836
0.408176935393
0.363362117934
0.235932485486
0.501061669245
0.21191754762
0.717645107985
0.243540762303
0.666549729613
0.668742895016
0.22825545112
0.515975282951
0.416631720687
0.219367799313
0.200559397815
0.112050621473
0.252403637441
0.470814085564
0.106989697666
0.518515788708
0.304852135676
0.301955201882
0.445232039448
0.52701113904
0.313203766856
0.332578688068
0.43692408953
0.301650910277
0.168945940159
0.516599277508
0.29158445081
0.636304763541
0.151410747321
0.744657413057
0.444130809564
0.349056434621
0.398486051457
0.314502745053
0.3393466438
0.407161134891
0.256073065113
0.315319217083
0.228210570954
0.309505457529
0.238151648025
0.380738709642
0.359559440615
0.248493383861
0.507482793793
0.51572312756
0.273073931675
0.859346308347
0.39115702405
0.460052436076
0.660535068792
0.149029022514
0.441475113132
0.337592264119
0.533024459364
0.357749991982
0.573238803268
0.567047302969
0.569229779344
0.35736951431
0.47090223234
0.36509756558
0.546084322473
0.272301610098
0.487825314028
0.509901218075
0.583885708798
0.536822730415
0.353233822594
0.369713865343
0.224206702788
0.185329982442
0.392975581199
0.667211631339
0.486216847065
0.610865685624
0.322228745587
0.408620968763
0.59078592083
0.469651952218
0.552200827403
0.651019141343
0.447594764953
0.454764871112
0.551066873395
0.500725230944
0.802563477904
0.517725965762
0.360407424383
0.252982742034
0.457022263645
0.421779332028
0.510802026295
0.409729474984
0.105452090163
0.372822365165
0.584145534824
0.424162580223
0.339266612037
0.662945886541
0.287358960608
0.421280107524
0.225540167898
0.287121980654
0.38165914055
0.408792153849
0.434279150588
0.335841441867
0.529268325571
0.428151356392
0.152131440997
0.538599757267
0.413723390819
0.555397900981
0.617280537877
0.578801394255
0.470628450039
0.272390103128
0.400777051103
0.43243226325
0.444377434095
0.508347230384
0.428811505644
0.101440946899
0.423772926377
0.39468419438
0.757985418692
0.619121780969
0.415064259572
0.277078876434
0.419360479949
0.702583304634
0.380383006574
0.176832680679
0.486760572685
0.364705349906
0.479629153981
0.383796710394
0.680317610934
0.473085951169
0.463335801725
0.337706395613
0.800369330886
0.31676446433
0.463291150303
0.322871439395
0.368008619496
0.332038428215
0.58977317066
0.657590084324
0.706119419989
0.189818255809
0.52763936036
0.399134084909
0.280579229534
0.235544854199
0.630009937772
0.402210621248
0.45000326913
0.631246895978
0.223852758831
0.302055873058
0.237258481478
0.25256851037
0.37879877054
0.35803729555
0.218988206605
0.533347210931
0.242450731713
0.331171902009
0.445735206751
0.372766007053
0.192662223104
0.270718271528
0.541421375175
0.449489514061
0.466689951185
0.270424255623
0.766626620177
0.826174550668
0.865037104746
0.545495516644
0.360475244837
0.745190411629
0.138062306466
0.369007674327
0.512190134178
0.317036881591
0.319787085782
0.235518659919
0.337575275477
0.760184899865
0.469567864711
0.324142604683
0.745335261706
0.532341955929
0.42529769943
0.506851509433
0.495799323917
0.309876950481
0.346239271673
0.326411977723
0.298143844684
0.251527701982
0.411917009146
0.565337459371
0.700991193784
0.200972319116
0.402862827003
0.177982007598
0.455191783097
0.555005581505
0.312437882178
0.437107333708
0.477594147078
0.485789737643
0.769032509285
0.287024457065
0.344077999236
0.312190366902
0.221690538643
0.147561847943
0.240416922022
0.652557900932
0.631020974011
0.493116218762
0.490017462658
0.682734428275
0.516547101025
0.527760011469
0.340339182013
0.458414742418
0.662453418379
0.283888902219
0.323475996999
0.570502331101
0.41702531374
0.233691404561
0.418328069426
0.302072441025
0.347133555856
0.382444750284
0.651491341335
0.495980220413
0.638791850934
0.537757645078
0.337207639922
0.365731780482
0.270811020804
0.536800529792
0.313377322554
0.732891669841
0.401594410478
0.586483520483
0.398206799781
0.396197332694
0.747746814036
0.343820203543
0.248858997866
0.228146840912
0.612743425563
0.262945139378
0.515573002002
0.304708262506
0.171884100131
0.403989591477
0.287534986702
0.476244824763
0.126367678673
0.259752786271
0.193783724403
0.247293456254
0.413968993036
0.597034697822
0.476575783083
0.574672221356
0.359972236234
0.734439315194
0.406258946137
0.504063592194
0.174034014503
0.234185286087
0.621948532063
0.339821787622
0.189253076769
0.402778045634
0.541143016959
0.71578647474
0.259944399572
0.518164894773
0.381960654459
0.760977295002
0.49607487399
0.508222346683
0.275596482939
0.422861395206
0.156993452383
0.185643467456
0.274673521508
0.232535836487
0.74088541898
0.608257111433
0.334068079124
0.708504128761
0.320189886688
0.273854100941
0.208449510071
0.377230331741
0.563722415328
0.316403527101
0.144711682301
0.270755537975
0.541594892853
0.49254254132
0.415222846016
0.343979165779
0.386860307032
0.362652587353
0.261033086778
0.510463925506
0.424080531375
0.416190387123
0.974288594838
0.448640393709
0.51744261304
0.546595886321
0.458492275608
0.455000021743
0.354556231798
0.358404681324
0.258880000234
0.30798864206
0.132720734435
0.231657607949
0.253042483078
0.264823650814
0.469071901323
0.387460670184
0.162719980345
0.520160057556
0.327569001706
0.19214936618
0.479730636489
0.392239530375
0.396967652314
0.415260996413
0.244594738798
0.345744145095
0.336722367992
0.417146997192
0.53111294183
0.551068746741
0.806397947424
0.46583551051
0.317204276603
0.225422034861
0.647349992691
0.238219274877
0.499520149599
0.333596627899
0.337957253904
0.290704390958
0.347601408641
0.339068404315
0.288725573831
0.376684886777
0.516435256948
0.323461336061
0.488867608254
0.424833054768
0.306465630982
0.211678268332
0.289819042787
0.401963278737
0.533865257992
0.367148882246
0.444125439122
0.572279429934
0.325197332887
0.459915952587
0.737885504636
0.615398039038
0.43453227285
0.506375922489
0.686185754806
0.605093804824
0.390371540951
0.557774906756
0.407355079469
0.387914684784
0.459350562053
0.416556615157
0.307929364783
0.309508498803
0.423323197841
0.440479656239
0.513526596348
0.644611078353
0.656048154419
0.187980854685
0.270650499669
0.22312173372
0.621703842103
0.465516932416
0.525950917652
0.370031815058
0.449482692355
0.288082624839
0.347789440362
0.452857920068
0.22849261665
0.774757527003
0.317849891592
0.272611349371
0.383232703959
0.353874884909
0.218408618092
0.121617403875
0.215779108091
0.549688577809
0.66790984647
0.281206533804
0.365602513979
0.289909884945
0.202962409398
0.745545330373
0.0771577544653
0.0707878442914
0.183517518904
0.162222725168
0.687898480333
0.192551734341
0.509558691085
0.395793311323
0.321999553786
0.486724981977
0.484884308233
0.238548900093
0.369214282595
0.473875065385
0.649726983259
0.276278477349
0.35661561725
0.695092138877
0.441097136158
0.386809814197
0.414824485251
0.784453228842
0.535569842252
0.145434308136
0.342575220239
0.295865733402
0.567333435442
0.440537095561
0.291265202273
0.38006105271
0.604893002973
0.266958433507
0.299307174882
0.392077321717
0.789933656746
0.30997682065
0.467781144594
0.323546460522
0.83045016836
0.325193276854
0.412482407887
0.460249150474
0.449392051982
0.36446436392
0.450217858586
0.285388135415
0.373915540601
0.283567751772
0.157161623621
0.351953727107
0.467918417787
0.353479108867
0.458712857543
0.256352020227
0.358176206395
0.351856639323
0.32637779771
0.418887519109
0.57933873569
0.425045993192
0.396936439425
0.506159970224
0.225194720415
0.282405179408
0.310277335735
0.345187888536
0.378406385705
0.255321915971
0.218328926807
0.473375253421
0.553713333166
0.144112039955
0.235087321663
0.380419760714
0.357687435305
0.558268233595
0.518651673563
0.494968908979
0.54521914943
0.342173125814
0.410894350639
0.571728058791
0.424188053556
0.485738397843
0.318128249608
0.156201835974
0.189336040926
0.445716244358
0.317441807191
0.561747237724
0.621339625598
0.653750000092
0.518288843863
0.563787123777
0.716517790721
0.618821756897
0.660577071349
0.278954502783
0.424068301044
0.144976524507
0.319461188082
0.31551245835
0.207459750509
0.417477051515
0.714067029102
0.541179367618
0.426580533742
0.303199576129
0.549149673104
0.318280978653
0.324929774205
0.157580092893
0.508046374019
0.625285711426
0.133328102656
0.200631242845
0.194592039782
0.266044821769
0.417917215226
0.401222329813
0.382610192464
0.292444179372
0.240186742572
0.316936525202
0.31274224775
0.696580316649
0.24057855576
0.514333786097
0.258321039786
0.201317702989
0.659990355788
0.459000807116
0.456838775955
0.400112643436
0.531158528322
0.501429240312
0.711077163111
0.25515933273
0.411331861136
0.452454592744
0.393525845419
0.278632461157
0.416857732382
0.527045862293
0.331637662737
0.207963341095
0.564104014187
0.126877644281
0.542767665766
0.379937054546
0.481438748139
0.426544047183
0.449380575801
0.472048934566
0.353470466595
0.520619441112
0.548861481306
0.463357390589
0.237100726888
0.286067628024
0.271711082514
0.383169329337
0.280252331577
0.254565871553
0.347889768706
0.172363696885
0.462680548753
0.427942083584
0.419844179264
0.150719431073
0.335680407146
0.21031351636
0.616488314749
0.187995564791
0.867635868458
0.603896606993
0.390468885489
0.547591216547
0.606626055602
0.415629437474
0.257915034854
0.561605150328
0.373067805322
0.326122907119
0.484817839044
0.533064272876
0.479083292466
0.209876611857
0.396117782073
0.286927072898
0.685003674364
0.401430182167
0.172910043002
0.300428977173
0.118921927537
0.402476711886
0.490538235756
0.458241945777
0.214255602115
0.398209843892
0.401976890908
0.331335444064
0.401900634059
0.319817309252
0.459078790556
0.424759638039
0.610149430873
0.456657555877
0.360761551385
0.304422178707
0.552536718489
0.523911981687
0.267490915247
0.365639206519
0.281243532705
0.627378211858
0.358896894503
0.58227721351
0.480356479969
0.552555457194
0.486252858272
0.607237385664
0.31352743647
0.201406087546
0.290652104685
0.216507717409
0.563010765936
0.489326101618
0.694365021192
0.519081522394
0.456902688679
0.516466626034
0.480611623158
0.177754351276
0.302706692225
0.404134699576
0.243034253648
0.251625579339
0.221605350702
0.254371267826
0.325231025215
0.184136284714
0.566175281846
0.545193819989
0.09318191923
0.722300397902
0.694797411413
0.236059025695
0.279479850817
0.354828270612
0.469162857404
0.825878271733
0.433957891143
0.458150872185
0.416138855418
0.509637930493
0.415133506726
0.360413030091
0.25512842814
0.286472634587
0.519925922732
0.616988834159
0.0849975611552
0.735263674065
0.260878407709
0.329677183228
0.466582274797
0.437574394177
0.248235239642
0.474661317052
0.335039652597
0.443501604206
0.476328599499
0.421055428888
0.415682408546
0.309376556014
0.289079159827
0.265436202929
0.500843844517
0.316444406506
0.260679773287
0.330200957782
0.583698389222
0.653305755177
0.419863104754
0.331740539748
0.528755958259
0.146813034871
0.0894388496863
0.306427125588
0.18844142682
0.369926942379
0.287986653753
0.658575825545
0.292762576646
0.563687327722
0.594717993235
0.606888754575
0.445176632142
0.365608556093
0.394916028832
0.456622638485
0.242915712567
0.425872301519
0.38989804455
0.547909143121
0.598624231604
0.283158215308
0.402162508327
0.407183832595
0.66984858091
0.231387165179
0.291970030261
0.580096162453
0.539644155567
0.448756095277
0.715472682104
0.472377495794
0.175728726202
0.565148702961
0.690752540816
0.346979646225
0.569655979503
0.248609373404
0.235869770911
0.338027288575
0.25273127611
0.436400885517
0.316274335819
0.395974876036
0.326397957067
0.450914009325
0.252591279965
0.223585783818
0.159218371983
0.350025091495
0.3390083178
0.38196648232
0.164152740297
0.304897822165
0.36528790898
0.317360632986
0.695447087265
0.5575249314
0.590811169011
0.232549458881
0.186545068682
0.158428277607
0.387873538306
0.238792738355
0.22734454716
0.841246024462
0.577550020832
0.432689672159
0.279348682095
0.32543597715
0.489612301218
0.403067543449
0.684986251732
0.660150533049
0.432774907799
0.428273874889
0.220251060167
0.448793607327
0.456178217705
0.316012933692
0.297280083954
0.497157838144
0.357758453698
0.439843395767
0.470772924391
0.405965616831
0.408006276069
0.353671116711
0.597295796586
0.597118229071
0.0914101759
0.196503142373
0.163970761154
0.21776685435
0.653290418694
0.420304176033
0.245238622471
0.257585859881
0.282805060324
0.459824241278
0.407613072615
0.461131303463
0.412490752297
0.671376897914
0.479938108443
0.583973966459
0.508827007385
0.73756004747
0.367512307647
0.324098391645
0.215752166612
0.664969963195
0.69405417716
0.376443196059
0.174784203191
0.29924352053
0.49848438045
0.236953966547
0.30100256981
0.279064334389
0.292159994324
0.391348370111
0.161115096827
0.352000190856
0.516616758094
0.477228286153
0.482358071499
0.550569341059
0.380887712919
0.564230300252
0.547686733099
0.751814675763
0.214772551563
0.107482580628
0.360521273149
0.368371929958
0.607367386148
0.155667059724
0.188328045294
0.571155410868
0.568754479627
0.564974718295
0.21180894903
0.266992408796
0.364390087638
0.390048198826
0.599606390253
0.396546390366
0.425595104497
0.387357849937
0.217778153919
0.346647755645
0.367166093879
0.688298561759
0.539276374474
0.390779445606
0.279859758666
0.471950634559
0.233701988684
0.519585002984
0.298324142451
0.106884593857
0.470166849978
0.262964135111
0.287275688113
0.410519967969
0.549655535219
0.614816686362
0.495155744854
0.270038476257
0.481175925673
0.403710718053
0.522827957916
0.591371838573
0.420263824249
0.537458347663
0.299709144155
0.256385715014
0.26895055456
0.575912407191
0.395040696211
0.267676815793
0.706558690884
0.731845136103
0.451737286016
0.197043570563
0.378707981424
0.612358759985
0.440565244514
0.365314805629
0.489303620735
0.512401152636
0.883402887394
0.837164911579
0.509936592916
0.531702521527
0.240084973726
0.0378567070713
0.529946193216
0.644109723342
0.172332538206
0.252813868704
0.419009814133
0.294708222336
0.286492894258
0.17858149149
0.702337655077
0.393672219073
0.789097541012
0.5602931449
0.606139685553
0.416541158149
0.665393637371
0.386065918587
0.393859543903
0.204568186758
0.306261133899
0.396713106475
0.611452959799
0.447158986611
0.534198255052
0.440018546275
0.582800746436
0.462295900662
0.39962585319
0.154610691993
0.781792269747
0.642000368817
0.743153495757
0.578146989442
0.582179579261
0.454989794876
0.486402663574
0.4978264067
0.375557175884
0.278966448179
0.268237767584
0.186845786378
0.186361550036
0.350549767374
0.54135594973
0.207702637701
0.348627832597
0.455411433908
0.323139641056
0.232422433857
0.287384063915
0.197373619342
0.154899618492
0.238500586133
0.35809080651
0.378762942498
0.385706413461
0.441121273763
0.623895278231
0.774531579333
0.500773182926
0.505076935025
0.538270769404
0.54957116941
0.403865041396
0.579437823536
0.243020701948
0.490175990818
0.2679464078
0.475209789213
0.43241886244
0.241664133281
0.404265593099
0.40534094102
0.390155168989
0.177590054176
0.299063908628
0.23641504862
0.513792364588
0.306285748583
0.375515728163
0.493970148292
0.189047316017
0.385487002189
0.234772385068
0.537496983111
0.428075014168
0.21028658662
0.345394154499
0.0936756058803
0.223329105405
0.217729173093
0.528184225416
0.509667134969
0.287962213603
0.175381026338
0.225710707969
0.435448143395
0.135844998928
0.621622838315
0.474584256392
0.393998352827
0.25343074923
0.384823070702
0.595353715325
0.499483509543
0.258565904888
0.395227896655
0.499314203468
0.398818245136
0.245172484865
0.163757778048
0.348481243328
0.372599684567
0.533511928081
0.182277532543
0.321071194107
0.563974215164
0.457403904687
0.365204662121
0.446061598636
0.149009843512
0.313919526158
0.121353077
0.36527314673
0.451842412703
0.437168096374
0.462409347687
0.739320350724
0.273856017883
0.439879769311
0.521844778636
0.471603413306
0.225889341248
0.34272243383
0.457603285443
0.394033072021
0.432436337423
0.576516247177
0.443522219426
0.287836953402
0.741008738663
0.74179816926
0.569419361811
0.366417304687
0.177872615919
0.175756441755
0.657001288924
0.518482265488
0.46301826384
0.495951337403
0.368581585758
0.577732403356
0.374530728333
0.486376574105
0.465679642178
0.457169883755
0.417019545605
0.462144878399
0.679699958047
0.589020021963
0.333200906798
0.507654413578
0.599812097584
0.247203559264
0.558544662776
0.51122808175
0.422917461394
0.22539037906
0.51082842953
0.423778010981
0.313027509916
0.391064086591
0.518392512987
0.747685413642
0.400777330048
0.219109221387
0.496145524298
0.197954939058
0.476481480916
0.535509103299
0.557696192323
0.274710799739
0.402173250177
0.486499608354
0.382703097294
0.435713458745
0.691096605273
0.595958911629
0.449831839102
0.328054085705
0.212055053383
0.375199504356
0.440461398276
0.468973147506
0.55325604122
0.431663186296
0.508835957746
0.408941580327
0.553145922026
0.764971236733
0.347901611495
0.495492493302
0.450194795382
0.441082459275
0.443128566679
0.425547154988
0.442030991177
0.499222084765
0.618760117999
0.434614731495
0.343412685302
0.428302053654
0.463716770801
0.415345567671
0.325247458888
0.331540117844
0.419978745892
0.234980723216
0.429650630364
0.609118231735
0.688027785426
0.463764739093
0.178557200092
0.136211364719
0.290585459056
0.235983024625
0.305472842917
0.370195423371
0.712804020365
0.561603233134
0.643383793925
0.333340258705
0.35239153946
0.479481343923
0.425477831584
0.436397822356
0.488939688642
0.500307890753
0.55180543726
0.409377208795
0.590962896534
0.322224582677
0.428612761888
0.35448691402
0.229771776234
0.662157363223
0.384343618154
0.30579699581
0.406363508729
0.307504031959
0.624830262076
0.487969947796
0.103478507585
0.202507540669
0.472478522314
0.409677827707
0.262573111923
0.588535418332
0.357447305384
0.519010264942
0.537838137732
0.219674865862
0.113566839832
0.450862084304
0.517320337025
0.408002881974
0.554031290507
0.749764853387
0.288009168958
0.349721980779
0.405515682585
0.501171949016
0.280267373845
0.407373670234
0.351858353175
0.425306732178
0.324225305606
0.312471175001
0.24622688116
0.515580973854
0.67535974463
0.568396771981
0.615697404938
0.338839373181
0.391939318928
0.641338891497
0.508808487345
0.510599559707
0.480214441858
0.512998078618
0.3788875154
0.165729064987
0.51265315167
0.379709571056
0.483053641915
0.710236578276
0.356552149097
0.317271336386
0.314436407324
0.525859709871
0.440715094707
0.457081404813
0.29005771301
0.636140851588
0.355339924287
0.443278326283
0.326769238694
0.480806939947
0.620139102085
0.43626619464
0.375621449601
0.625655320834
0.462487971519
0.463494056573
0.476183521044
0.720023506088
0.673090601853
0.611792162861
0.565076651994
0.417749207885
0.764384019732
0.480641702853
0.431494911579
0.332422773396
0.744325537891
0.255744994998
0.217168039618
0.506585365673
0.441296467283
0.43138486038
0.434330574628
0.40927499145
0.196557232477
0.736395953932
0.409771984123
0.250831212238
0.786678091397
0.288307601598
0.220797378901
0.22522731193
0.460905726353
0.420887286707
0.339327834262
0.299848388489
0.659524942802
0.52019191248
0.523592830849
0.620546265869
0.348656806355
0.590136766779
0.340584180765
0.298379144872
0.438291098592
0.18023292403
0.434741537477
0.550372534825
0.490397421893
0.604874149459
0.442581636493
0.418903007169
0.301249407757
0.512581113773
0.246187855853
0.209814896459
0.490249691062
0.304512563406
0.351368486796
0.252183509623
0.506814732232
0.456039805169
0.22300332481
0.154305353076
0.185273958324
0.120168448685
0.627173119375
0.374628157596
0.333655360679
0.342184805684
0.361628743003
0.447666434527
0.480754640494
0.324332993768
0.358602743991
0.200219542475
0.531102676361
0.371944399544
0.448771576369
0.675557827682
0.0917118665622
0.175364119962
0.294291718341
0.227695322003
0.382179600894
0.338363299945
0.422045474418
0.155738062733
0.379907882052
0.162601376719
0.515291534256
0.470412508161
0.453578049316
0.313551036253
0.564750687335
0.271440203972
0.429031903156
0.435155435657
0.363040237477
0.296780669377
0.372635081381
0.504572063546
0.289255446159
0.33951002531
0.391884854101
0.450858046079
0.185056890094
0.5203638573
0.502042160731
0.505724498847
0.504105573432
0.575788939488
0.351467474433
0.367741766045
0.295722783167
0.423960239813
0.45495913258
0.193309611805
0.458879062836
0.541393381964
0.493459920673
0.223222599364
0.535429021882
0.399187850688
0.277319671636
0.778313627752
0.440756468041
0.476916431002
0.248039999
0.275339434404
0.270279164658
0.183810807387
0.296262909691
0.603110934095
0.223529035346
0.454164255768
0.48489337348
0.268464891941
0.340900364048
0.366673357139
0.338662526151
0.456462817733
0.219948687702
0.157109997068
0.426842721355
0.409685824138
0.389610101593
0.433192101667
0.396627119543
0.414392383031
0.224640488686
0.226731877537
0.168424897056
0.552189306571
0.149421541036
0.355094516431
0.497623889463
0.503898296139
0.29792241707
0.25191204713
0.1725629115
0.757697981666
0.345338434046
0.299938878578
0.422424177511
0.608459192278
0.290351508357
0.391800840591
0.360318369698
0.519499278603
0.507401344274
0.361655039803
0.434597909027
0.342927427558
0.282379594283
0.264173854135
0.190977757619
0.332180380964
0.303209929997
0.242074579331
0.515974450128
0.510546981189
0.410285389243
0.564016367255
0.379192774373
0.354627002087
0.401300736928
0.370613654278
0.454611050168
0.521289186486
0.42747914395
0.364339104096
0.233688015868
0.459536057372
0.344809179266
0.32575377684
0.540774506888
0.153950829591
0.193838215877
0.301187607533
0.323420375434
0.454257945397
0.303197548336
0.294812131822
0.317670138939
0.493033234069
0.436087946266
0.332539065039
0.532828832464
0.425804939277
0.715828619583
0.754820583958
0.268946309546
0.470593823265
0.309937494995
0.621995700755
0.413544011995
0.270218069135
0.332375263951
0.485955335834
0.420357950643
0.368084541199
0.347880784096
0.39347710891
0.272182303551
0.336134393567
0.301732976108
0.207569518329
0.665312546295
0.695518499257
0.334323169864
0.323108120188
0.377799884575
0.296986717492
0.456531848195
0.603232305583
0.3402832885
0.243503271272
0.360217286685
0.412178190412
0.620163667026
0.409409077582
0.428500677603
0.205037198321
0.317073986359
0.289835859878
0.339593028834
0.205483394146
0.266914068417
0.415219591722
0.416575925402
0.365964641629
0.383330657167
0.7509989004
0.494957052577
0.381269372746
0.144239908809
0.465269715182
0.211097327799
0.458185770867
0.223270316564
0.441768675832
0.298321090341
0.579621788179
0.169020176902
0.497393076658
0.538045357974
0.622682453491
0.263926626025
0.717703707908
0.471054458825
0.221803506224
0.460295787942
0.200028807004
0.317073752602
0.412423669298
0.198932153704
0.728178618418
0.445880184113
0.459457993206
0.264176619124
0.689041782731
0.171992253562
0.251472559694
0.352839255375
0.345372509484
0.271829028065
0.307307167731
0.317220161212
0.173610685531
0.301661253658
0.634994194949
0.376193960755
0.65030300243
0.303307722172
0.331612428181
0.727979086089
0.529852036086
0.19298251431
0.419403518119
0.507451776361
0.332008415946
0.285969048001
0.453303538175
0.36610057934
0.655139198365
0.366947575106
0.429554062804
0.368104549475
0.321220382178
0.478675487913
0.418664352612
0.249548844897
0.255541884723
0.263591433624
0.629351615948
0.623423364044
0.307981319855
0.558624981553
0.565301308241
0.340507935129
0.310499851206
0.364019238802
0.393018212051
0.672404309051
0.612616100359
0.326377624407
0.601548115336
0.293274532551
0.171237560606
0.361379445014
0.463528087385
0.247487279795
0.360363410041
0.528489336363
0.675549919157
0.249649557432
0.300868926726
0.55126716437
0.487735160165
0.62407387214
0.465581701945
0.230119472727
0.468735431971
0.365014027557
0.408930876764
0.315105679098
0.412716871137
0.237507129613
0.235930811861
0.375506111818
0.491581672084
0.586951805719
0.477044598781
0.503616697985
0.663791744593
0.148646826914
0.667860638222
0.525298666359
0.391865256619
0.240083770661
0.306282975425
0.364570435321
0.432819128713
0.464741195256
0.452866621167
0.512690098892
0.667434527999
0.39120159884
0.376565022398
0.229510539616
0.527713852129
0.534144079139
0.321833351893
0.358609911711
0.356221894216
0.565174360107
0.534400842449
0.491960465352
0.618294669458
0.322796679696
0.376207309558
0.459647505003
0.443222556763
0.478522219148
0.44053975415
0.832704368177
0.301087365551
0.42117167957
0.332853528801
0.285487563237
0.141876569136
0.439793944121
0.262791833655
0.615614529318
0.603794678284
0.169126438539
0.273588623953
0.212361440317
0.314723697021
0.604401331806
0.418877335425
0.468567961606
0.341033277445
0.354170872355
0.388300116839
0.316249335123
0.620383402487
0.297589216778
0.380604152552
0.479239629676
0.668593138771
0.583789052315
0.341154739596
0.619504454788
0.485205966789
0.291466544041
0.297188283112
0.293523049644
0.294621616377
0.625928322828
0.348260979128
0.378119758071
0.417113998456
0.337741469092
0.29438923122
0.36334192819
0.275555181243
0.482072718467
0.169583173081
0.421120063679
0.365817122185
0.405391115821
0.517819269086
0.527199531092
0.250105966988
0.499408764276
0.480685367107
0.390990302389
0.337837966791
0.471048465429
0.596772712454
0.125343656389
0.182857166928
0.402090771053
0.346716256662
0.44900581803
0.341066523817
0.546489156661
0.45672801199
0.613898880021
0.486790106104
0.316499757295
0.36608575145
0.307928998645
0.217940612097
0.260695753864
0.337910911995
0.272497220481
0.411173968689
0.354249654831
0.400752754343
0.317247889898
0.257396893235
0.677925820454
0.417758826146
0.255304846094
0.496901096062
0.392145067775
0.623253319262
0.555218811722
0.326341237514
0.17123084839
0.535749194529
0.137139543702
0.311469881545
0.170013009885
0.359887100888
0.470848963793
0.482855103428
0.487648310424
0.443134401567
0.299186101503
0.46603365935
0.474904975436
0.451531432216
0.494166615791
0.531304888025
0.346815953819
0.481042634674
0.27640361347
0.219582419769
0.226808529764
0.331296409958
0.336890409067
0.158644754235
0.461205148063
0.401909704438
0.463703659926
0.272833759879
0.587511327138
0.623822254581
0.199203687135
0.211855442789
0.237771574861
0.232201629946
0.271507730395
0.396451939701
0.420417345095
0.218390596601
0.311097007451
0.539541508641
0.719887356927
0.41483284168
0.402891003293
0.272379855812
0.432275951424
0.285460799711
0.267033064506
0.444552776334
0.328992482878
0.486917077823
0.452029001453
0.533744560219
0.635016833318
0.513431368601
0.367782426839
0.224086653804
0.231222969419
0.311959647628
0.375258010226
0.663961321672
0.50712254161
0.542282037731
0.182041810858
0.231261136547
0.469419788406
0.483032755915
0.483148139349
0.218478992914
0.625244264339
0.49410565731
0.317495612899
0.2973954249
0.374684848484
0.283966974199
0.202021050236
0.371444428569
0.6776871336
0.237518047153
0.37814817436
0.27394284709
0.136233331727
0.173482523496
0.810604460682
0.596267751003
0.546866640897
0.516239320818
0.449095259085
0.622787846371
0.150519722059
0.3188904469
0.658892253172
0.345905861894
0.210425871644
0.374255983547
0.24794914087
0.628952221809
0.517271477616
0.525784286204
0.439735287892
0.631927985175
0.303643111022
0.754350888797
0.407984513297
0.461022760099
0.376342890777
0.456418270127
0.369891602504
0.30706140839
0.296079837292
0.311144011666
0.427696377659
0.564790280158
0.333498541392
0.333371673268
0.766045467379
0.531373602247
0.576617201531
0.338005393017
0.384500126017
0.660835992727
0.694443736373
0.545759734233
0.387991407363
0.203059516463
0.17552729944
0.358097054438
0.28709881688
0.430607505624
0.277058097743
0.449507903677
0.359008385848
0.39466119476
0.373296503095
0.501625690349
0.389314056614
0.373627418471
0.495620658886
0.434382128745
0.248187618241
0.414043301716
0.400843765367
0.202671237836
0.245797860936
0.343260905541
0.180301350126
0.219254584626
0.531135738662
0.297999788138
0.25151350346
0.536734426506
0.221254153047
0.388709776518
0.531700267654
0.522881488621
0.662300614623
0.392342917499
0.230840594521
0.294120810816
0.499235312433
0.211774830262
0.59974549741
0.475658820724
0.633757181351
0.247126875476
0.155899865915
0.285474500047
0.251214758025
0.521906764248
0.352106632127
0.475390729282
0.220177687625
0.616529325344
0.313919558771
0.601116056805
0.331928674778
0.343274244425
0.558436218661
0.395386553798
0.579221402282
0.433274708498
0.269942439222
0.396338269797
0.286757494067
0.43854253139
0.369654566734
0.432825863023
0.460771738831
0.558012168702
0.463421238831
0.506501158854
0.288714154051
0.700473255106
0.211464333426
0.311220584958
0.499289007528
0.545078557935
0.624684303338
0.451374531582
0.440407900211
0.685215736689
0.366725561811
0.673213371347
0.469776202824
0.306026550386
0.343837427898
0.201474906158
0.352780357931
0.51214431823
0.333695287053
0.63320370961
0.606089074079
0.343647065219
0.618342298411
0.647329284839
0.338964375331
0.66265050441
0.629533109869
0.31256136168
0.668191766399
0.443940481829
0.54111441888
0.484736776791
0.386472442986
0.61476869522
0.265128480917
0.291714278898
0.454865602114
0.278871506657
0.390743867747
0.19819434569
0.207060744704
0.493943248897
0.318601185191
0.361511359252
0.44216923658
0.540300615138
0.473935171019
0.430834076055
0.313781876561
0.398590184705
0.340495744173
0.340330652996
0.392903815395
0.535209804004
0.218280410557
0.352326226926
0.244999996403
0.605075437276
0.606861344244
0.452504975811
0.270323501125
0.417116097424
0.596232881242
0.686520386327
0.379132604134
0.297423262245
0.305407843429
0.489841786248
0.516549065115
0.386590263001
0.499096267657
0.545416154329
0.542459326025
0.692241306163
0.643956332178
0.66266045718
0.447657957346
0.527710390214
0.458802074443
0.478349226999
0.607324038723
0.405194091135
0.715481817711
0.118400143404
0.592190052471
0.288545942723
0.587277780527
0.415873405822
0.294997740632
0.668172917101
0.39763486119
0.500439346734
0.356251804614
0.622931610831
0.411546034485
0.315181943234
0.736755568257
0.540469609026
0.516157896404
0.445352567137
0.521877294919
0.250427169193
0.185826953405
0.388564697874
0.351615067626
0.428446326983
0.740633410679
0.612947019653
0.688610913784
0.513604325351
0.538352499945
0.846649364806
0.279189145945
0.360201860353
0.28385803179
0.2379010072
0.237227250775
0.3532086373
0.573541726147
0.440468038281
0.40938491956
0.521040064536
0.444302822168
0.549446200775
0.621660644338
0.535784513473
0.207815938037
0.242128590145
0.555365102493
0.274163854866
0.267793817257
0.5459140976
0.438860657348
0.415610462607
0.321709193859
0.47140011537
0.320441486969
0.343525121096
0.381402260652
0.396252166918
0.247256896709
0.270810169803
0.668775992274
0.413006911673
0.70971494332
0.34816556327
0.433562737417
0.434726371221
0.263859950571
0.182660120072
0.370066375095
0.706521013947
0.194266710138
0.429404815512
0.332816061784
0.463075142467
0.49914506452
0.263182211909
0.16981460528
0.223553365328
0.304566983591
0.55840763232
0.378282751767
0.421316811766
0.656038334475
0.498100493711
0.253547067152
0.538201279132
0.430121105665
0.357749293044
0.700370956539
0.46303300636
0.655827204733
0.695287376768
0.405451638159
0.395524413931
0.392423599053
0.335187927839
0.271272176548
0.441997366376
0.407738963026
0.54202379318
0.573956881705
0.165511682619
0.335078461658
0.412845580766
0.285139251867
0.264546170636
0.175303601127
0.524124449783
0.331002657211
0.659052587252
0.712007378168
0.46813391289
0.427713092584
0.459828822906
0.536975687527
0.273171999057
0.339114775873
0.232481859857
0.602900078977
0.469096424078
0.256625463586
0.690981276238
0.38478194345
0.313808116374
0.571429719158
0.274452949376
0.231734479379
0.33073688124
0.319447815319
0.388674001224
0.282900684039
0.204874683414
0.362502554148
0.43752246448
0.322181297022
0.301798305854
0.700574809479
0.472060768996
0.450193462478
0.493012519345
0.663882887073
0.627902520648
0.333872957219
0.646190873251
0.52512329789
0.416114954166
0.324713279481
0.1464730577
0.219871967351
0.404863742293
0.270322026578
0.65983976845
0.400836876771
0.391327092613
0.360458996094
0.696094272152
0.427835759585
0.324264529186
0.40938403923
0.516523989621
0.402101697855
0.564858561151
0.623978360948
0.262999151428
0.201259218931
0.377660671243
0.190219150481
0.261724311252
0.290996455999
0.521831546035
0.397695848878
0.399221441057
0.141889066694
0.255785761949
0.279419586757
0.196882339017
0.388368319836
0.650199814663
0.504643967485
0.382545390385
0.55204227191
0.569761739633
0.247028440524
0.383367085688
0.155503675012
0.161317706195
0.50908906482
0.235783039926
0.222754188775
0.452227641148
0.437103517253
0.814155971062
0.233211842244
0.298816760744
0.254812058126
0.508779460942
0.611645237325
0.653711403701
0.4891424928
0.289028407102
0.497469628471
0.404653219143
0.267507672612
0.276499832874
0.24424139635
0.618548381425
0.673740090429
0.657060096926
0.321942373164
0.432175478755
0.234167719929
0.385250740211
0.485723052905
0.30061775649
0.623007905237
0.330515647734
0.634879795525
0.226778584061
0.640059558591
0.233856774581
0.366479906377
0.35779072552
0.239017057402
0.246583233438
0.352102386184
0.616442031188
0.280341459204
0.468967656934
0.574809766294
