0.429862406813
0.798655966622
0.497272484873
0.70051179289
0.584934732846
0.529778703642
0.650563029348
0.626752668704
0.617596727493
0.685021226184
0.560608109208
0.467904632394
0.690146791321
0.391175846598
0.482564837798
0.474020638259
0.699466843924
0.546127110141
0.487597388456
0.513844047739
0.525756599908
0.573913900427
0.635931915999
0.531055057088
0.321417382647
0.463180263488
0.600560375181
0.510856070385
0.609393255976
0.296166027843
0.606512222042
0.601258541667
0.496575361354
0.623421117761
0.28213641989
0.53579319634
0.459834071084
0.682309548347
0.537598807638
0.370058058478
0.615886943718
0.652917195911
0.783657486492
0.563969146489
0.498227270013
0.533770286742
0.648068382772
0.320581854846
0.501951714552
0.690300106578
0.343675553237
0.462421795445
0.520851193013
0.469937892446
0.569232532709
0.65880693435
0.658736512126
0.756019230212
0.403445209017
0.2703491565
0.603065153141
0.658239631761
0.524140856825
0.586827111954
0.58420861291
0.576972303649
0.665962403241
0.488273074531
0.282490577514
0.321705368306
0.215108273175
0.613877057922
0.287299365631
0.458934591134
0.633484658392
0.582143190564
0.702836031589
0.717948317939
0.603454868427
0.422146973514
0.630037019465
0.57793065208
0.642580079045
0.738002066641
0.715136023453
0.548184301949
0.727064970845
0.39578561264
0.499995922036
0.33192989591
0.624536747925
0.488269344742
0.232197308803
0.571833793493
0.619336550512
0.435708779895
0.425176743933
0.58004683432
0.359023882488
0.690108868966
0.606997783326
0.755267427984
0.540384882643
0.611730186775
0.665306748333
0.566966102308
0.678717669914
0.767629486917
0.598900784919
0.665538038866
0.217275639208
0.586780710364
0.427639854134
0.524956832833
0.481583147995
0.682536087956
0.53330602016
0.446465108479
0.771729740383
0.653074021267
0.507965411756
0.693085496504
0.314886846773
0.438535319768
0.484547125512
0.330070022565
0.33856044427
0.596273148909
0.551693313283
0.663702824694
0.396656356867
0.652231889107
0.299199206088
0.414150065502
0.649792553811
0.730182286057
0.47997731318
0.431015523216
0.684623994157
0.607587678965
0.774200659465
0.638730408614
0.678484052895
0.669963692595
0.440949676508
0.62114602732
0.472776899842
0.671390377542
0.267696095341
0.441322043018
0.278762158847
0.686110641825
0.395466111521
0.561924544104
0.279520519033
0.702911591903
0.537964686683
0.659337143069
0.689157130251
0.667898492447
0.799184303207
0.807167966766
0.477287578313
0.429925557387
0.615433957693
0.812645366389
0.769742469693
0.561441821436
0.22414712283
0.314456391044
0.652896848642
0.244477883947
0.431893731274
0.667195458381
0.737684637372
0.494602448547
0.716473337887
0.561210700364
0.685584977289
0.414240814276
0.65956622961
0.398050794278
0.607348701116
0.566455567451
0.375413936308
0.704848281388
0.679064829145
0.258647820637
0.480717068811
0.46563813546
0.547236226245
0.544437554915
0.488811458716
0.571505340571
0.596594930425
0.743294320139
0.309969345045
0.376682267172
0.52322749421
0.658723074988
0.490348571995
0.332047660235
0.502175711829
0.55970864969
0.564288319071
0.473787575393
0.55296074684
0.357455096453
0.749576696325
0.291879767657
0.440580637276
0.612408435062
0.653255312371
0.438918283907
0.662073930854
0.542748032213
0.568958064945
0.526344049592
0.445893858786
0.512983528488
0.555651215546
0.361011828859
0.319417252285
0.403252898759
0.393425290774
0.594351888424
0.675779381752
0.730615995369
0.591809060428
0.705160925204
0.578927873239
0.325358735183
0.762861756973
0.526185910765
0.332240558294
0.446915108573
0.155659154765
0.503419582019
0.322779826062
0.800915247601
0.542488446991
0.814361707486
0.536354858259
0.344265169705
0.386323884696
0.642191363804
0.376437334262
0.526357454994
0.745677036951
0.514560935465
0.383922381537
0.395378487975
0.692228309591
0.563207355526
0.367417317176
0.420739026947
0.377376091128
0.316427070814
0.530886229938
0.462456159853
0.552442430303
0.54621539923
0.695475862469
0.474589755642
0.437045795336
0.620439581772
0.597355947085
0.470402103365
0.66930504135
0.560316579453
0.58749751322
0.532361951864
0.554070905785
0.544347909067
0.508000106405
0.584233866059
0.356612088431
0.589589258027
0.631137844703
0.486902560066
0.668806111046
0.557113739519
0.712280855641
0.582127153158
0.711823852676
0.591354231599
0.735097866481
0.322041378896
0.417165195954
0.730932186616
0.528185784532
0.540358091695
0.488384936832
0.418745734012
0.786822516493
0.500174833872
0.548952679597
0.546451539976
0.642591150904
0.627581468496
0.730276174764
0.574986882943
0.727824220164
0.588437183334
0.419247816958
0.242653847705
0.621704045992
0.400870771144
0.604035312108
0.556395251536
0.329682952635
0.606808561059
0.580056084413
0.447881973954
0.467059144168
0.552800360577
0.443148566464
0.42871675203
0.700194747346
0.636922026626
0.541814641823
0.496011074626
0.580867539333
0.548777849443
0.521323211732
0.287664223565
0.414569948306
0.551689818693
0.672090071763
0.401154029623
0.426521263778
0.474879135515
0.588050521636
0.364854894476
0.451744781616
0.571220218261
0.27332277505
0.562737029481
0.65539470492
0.474169478411
0.320371052548
0.40259952024
0.44561415485
0.563135259428
0.549616777944
0.756652421509
0.482445741329
0.748249273491
0.671856003715
0.45218611736
0.325862361796
0.339020485266
0.425452798474
0.453512480095
0.568819772562
0.349920180132
0.499497547099
0.538769871236
0.524204385977
0.542474479667
0.670027756419
0.598620477127
0.511409496494
0.590805550154
0.276373022606
0.594100248282
0.436945683514
0.45382315136
0.635786117587
0.563719347335
0.512076121459
0.288467356954
0.487869376646
0.344637304715
0.303458942572
0.604137779539
0.340235601692
0.596844546734
0.709468766266
0.532052908249
0.683036303663
0.335824909162
0.568239595588
0.647973097803
0.524786599777
0.615995395784
0.517744691688
0.528391337174
0.74378196547
0.420768280681
0.584400353731
0.668848118288
0.773400987627
0.531896911734
0.538542875247
0.421822515334
0.677818087546
0.558357390712
0.45854429644
0.501353651296
0.545380813056
0.730037486616
0.793619886441
0.685273119772
0.573131171653
0.608887491669
0.517729295514
0.509279742553
0.334897906653
0.584830562316
0.524440916593
0.660008098692
0.712916361786
0.570141004747
0.567926591728
0.41635787467
0.642446491763
0.645579932034
0.348943830591
0.354909610108
0.803781518581
0.617494161726
0.322391995599
0.485772669354
0.445694272165
0.481917710323
0.530898182526
0.593262783071
0.573870743362
0.636964113712
0.344355566926
0.646093357539
0.470284874502
0.561047316992
0.396977055636
0.35041815195
0.319224491422
0.486753854037
0.568339534442
0.407341196741
0.216990417925
0.658612328766
0.674865142002
0.527084220464
0.509178073288
0.568345623605
0.33502827351
0.331873587855
0.552373826171
0.353518868422
0.529832879237
0.262216206672
0.735625720915
0.659038862432
0.662044380721
0.707031035265
0.700896827975
0.538356349588
0.78109602455
0.707272364796
0.826174619987
0.457852896418
0.439949007318
0.534302360844
0.490048970421
0.404110918459
0.513322429808
0.483599815757
0.570824727697
0.460928570889
0.680389485895
0.657474631637
0.457708947162
0.391903141466
0.550198527235
0.685993511096
0.851629227579
0.365167695354
0.421034119165
0.744378651908
0.613834665623
0.651705559586
0.784961926248
0.816252241136
0.619679260937
0.503413123678
0.742924183516
0.692314639994
0.578644622266
0.582170376057
0.763597885255
0.635166491724
0.339167300477
0.607182791751
0.384754151073
0.54199254008
0.592145398231
0.556585533078
0.687433609038
0.627724367796
0.508220282715
0.370381885204
0.456489954244
0.368122357934
0.563155931401
0.582154500807
0.673377804863
0.602919790011
0.549057016999
0.515160524411
0.569054862333
0.493901119962
0.486116059712
0.631617499062
0.437422581803
0.529979575341
0.708617107792
0.562657501045
0.673842149885
0.523063606739
0.5004663041
0.610767627628
0.495966469849
0.548408943454
0.657803034223
0.634354007367
0.258052658383
0.42124516261
0.476827499147
0.252205729618
0.58038457402
0.313427947618
0.284602603632
0.488316224388
0.59096092008
0.447697106619
0.61851885045
0.581553558687
0.430242928097
0.453367271752
0.565107993662
0.477506034993
0.606314217607
0.678845730648
0.308900936823
0.747010515424
0.432163018512
0.50744955852
0.30200180926
0.477970490118
0.471510930749
0.380256798862
0.591127595616
0.58522150515
0.502194671921
0.55562874185
0.523271884233
0.581164207456
0.696947925658
0.499750325192
0.64817498299
0.503632200947
0.442125235576
0.684588222303
0.514151593985
0.569813497093
0.663447956141
0.509288404399
0.268715624774
0.346024892374
0.384504475538
0.505208720539
0.347074078485
0.607044326138
0.511880331681
0.616046240654
0.58573384475
0.377603862551
0.507495835156
0.456446946328
0.222001039288
0.372876286649
0.447672426962
0.692973502065
0.693397170185
0.484864884738
0.390154956661
0.467592654023
0.509449074445
0.426864907847
0.665207145038
0.60368610471
0.436851099006
0.651621718754
0.480654539525
0.78843788491
0.799149863949
0.690104680214
0.355451968125
0.442318088347
0.582452573246
0.570095350838
0.297434525756
0.277163919125
0.452271969949
0.439547395792
0.547747917734
0.749771973305
0.445140186677
0.624254272415
0.66824945129
0.390361985593
0.574019364209
0.633909520329
0.639614394235
0.624308560305
0.568615222609
0.598440398938
0.552011211869
0.569762096159
0.743158709084
0.539086821936
0.485935556352
0.48565896341
0.452432904884
0.425595912879
0.474874810449
0.385439015586
0.447993718013
0.318347060551
0.291817596589
0.748065729506
0.684014947933
0.346018557642
0.625051218743
0.34354218541
0.552340139831
0.59623761746
0.460420315635
0.461031821684
0.515386480272
0.558789373377
0.654296849816
0.778926541271
0.746049540757
0.47955528734
0.564039926536
0.382186063678
0.483101338493
0.704024460497
0.526818656412
0.483322728998
0.567640208402
0.49899635712
0.502359075613
0.441293715382
0.307095524203
0.587104920999
0.60964372678
0.500226759675
0.465790276809
0.692895169785
0.61659933199
0.64985647847
0.54311094648
0.608684595788
0.476605970226
0.303455647389
0.48513368826
0.516250585011
0.40361214137
0.468524353199
0.599223724932
0.411796305323
0.293262776456
0.516507069255
0.587531937964
0.435998512208
0.549593859888
0.677428177101
0.683135642794
0.683250162994
0.523278783747
0.442262046619
0.395635515441
0.654580716764
0.790072297673
0.666573453681
0.376420985941
0.485343666958
0.479678187414
0.64158812251
0.530854098687
0.540400191518
0.550302973201
0.424054702428
0.555182669183
0.521301784931
0.374175697214
0.39313714378
0.740612708877
0.573627507694
0.642583621933
0.568872242328
0.531394095003
0.52708472976
0.619946281056
0.403112574718
0.631406790603
0.573857493916
0.591535979102
0.462353073178
0.607802540518
0.508620392827
0.668968833611
0.628109368715
0.551838130821
0.662311469958
0.784890058236
0.78340683089
0.59093750085
0.513583076626
0.37416511749
0.621351664009
0.46151534676
0.497608177934
0.601017147207
0.507113977024
0.529896036873
0.297915461184
0.575372280161
0.536252859859
0.619332847818
0.533359873765
0.404161451694
0.482417283804
0.420304884903
0.68258224344
0.439959553404
0.770603736097
0.587255989891
0.443964158864
0.252908204287
0.424724511206
0.349353850907
0.553624202967
0.229586694734
0.728513749042
0.281231964357
0.352895812708
0.511541198577
0.385732556675
0.436239791717
0.541715206881
0.63696507558
0.515645723371
0.553355395803
0.53563218465
0.496217276649
0.649854320094
0.501814915563
0.446705469684
0.687685844935
0.855063250375
0.65269844128
0.639687388924
0.468348819132
0.706680145444
0.39405233477
0.814035367
0.476199772991
0.661344472593
0.417834448918
0.55114977489
0.57370076363
0.324116597976
0.695312585456
0.493055911022
0.61707071741
0.47192709896
0.570928320168
0.538222814523
0.687269274196
0.428895098824
0.472153173471
0.695029771462
0.73729224418
0.645640789817
0.413369183607
0.582321690875
0.50115835649
0.587978506898
0.571742862811
0.254502983193
0.493897978571
0.296929982071
0.777102332852
0.462442194492
0.515813940341
0.584977801205
0.583931816017
0.655679767397
0.455677959576
0.411143896592
0.43019671312
0.618684253496
0.398688171172
0.529404447996
0.272032219146
0.453577874622
0.30043581639
0.58717227216
0.618666160532
0.284692856351
0.710944166851
0.662357714595
0.410350745309
0.284749377698
0.655808494617
0.540529965157
0.339554642853
0.511953565295
0.34989502891
0.552395948482
0.64438745605
0.638414331289
0.50849433508
0.59381362966
0.60233528709
0.730864209918
0.511325649445
0.51150657217
0.60822151748
0.659021327742
0.264734178156
0.524567052439
0.524820442498
0.763142115859
0.394236722523
0.788111636923
0.3857781116
0.690310329815
0.59834068187
0.604396795598
0.421201521464
0.41692958987
0.63792567649
0.612020417555
0.416440510216
0.59647333351
0.483289264404
0.384356112251
0.60030676687
0.402625332602
0.661079186531
0.680061157631
0.276796429545
0.811672877255
0.63263424793
0.414977412726
0.44493819307
0.36404941176
0.418971592657
0.55098094756
0.384802134371
0.432023290947
0.478044994641
0.48382414805
0.603460146589
0.522735751059
0.74100317829
0.640112214454
0.570948863528
0.341890484496
0.561779906403
0.429978660881
0.578129975648
0.394423242645
0.388667839364
0.478034608965
0.304121824502
0.526570685426
0.61568056509
0.198176714335
0.353957071231
0.55344114976
0.366740176144
0.583610192769
0.53511436495
0.579078378534
0.613734362115
0.685305889281
0.510943850841
0.413114111538
0.5742138602
0.470844516378
0.703179980816
0.605949463259
0.387684357177
0.543172849171
0.575940372378
0.466986223727
0.354992234633
0.616889173281
0.427850448032
0.588703782829
0.607292542172
0.614385987516
0.289610400554
0.603275925979
0.64236990758
0.655817647485
0.50668020346
0.449811200403
0.311957452127
0.449852262439
0.351187951827
0.560469086957
0.435849472611
0.30651565954
0.215634270637
0.298024504467
0.3137321947
0.429283206977
0.567438320422
0.377138802689
0.449604458234
0.57507029037
0.496673378
0.378450541559
0.324041503341
0.358234968489
0.525860642207
0.490180650217
0.602799839994
0.531934340959
0.757703859283
0.708282536996
0.460631674887
0.464111499482
0.526048876323
0.8326587178
0.461759092862
0.385407343256
0.648964321504
0.56328173378
0.430461141168
0.642249430938
0.645828146578
0.591051916949
0.462252916599
0.123544103094
0.727238538034
0.0707602905998
0.685781347695
0.613186578656
0.539394405297
0.544990333659
0.408311373443
0.464369282081
0.673379626766
0.567989184975
0.573044051437
0.422454246101
0.525878556728
0.596230052145
0.604045265995
0.490540725864
0.557889321151
0.637507100853
0.421965193587
0.307021788779
0.525018306624
0.479930491589
0.408973137432
0.457799740653
0.526213961334
0.487199994008
0.377821601906
0.482698673894
0.454765638195
0.46654926047
0.331402902287
0.259341053548
0.504841208564
0.616467989492
0.646882407116
0.409765825823
0.642361845781
0.683374611762
0.691856060108
0.586559344194
0.571009769291
0.858593499281
0.398293931593
0.457043965886
0.576088299882
0.582230486998
0.589955505915
0.451534520866
0.620148498202
0.803678275869
0.719055843817
0.397665114973
0.737845298538
0.473881985325
0.397007837041
0.444832154621
0.404577505488
0.482272243138
0.447233644642
0.328767067591
0.302677571182
0.347841610323
0.41967271869
0.640602506645
0.678665675385
0.484524612146
0.390173885846
0.571500948533
0.571842170914
0.751123769567
0.532475463747
0.221803739262
0.150594336228
0.545632445476
0.483946534694
0.352178881455
0.475134490832
0.429363561951
0.517972581915
0.252002384307
0.286066513854
0.559387348411
0.686596757556
0.423697191426
0.56230190448
0.628013847572
0.599697138615
0.577144601145
0.210412514958
0.505726936384
0.59192761667
0.281293485781
0.406198379762
0.626937592818
0.340063107949
0.421490647247
0.533465460457
0.396977131278
0.350478722592
0.54813201789
0.650015209878
0.758386119103
0.558566452309
0.554492438432
0.522444279272
0.477296304432
0.588861950117
0.394677076707
0.654608937198
0.650547847363
0.436503102206
0.681885813172
0.621836113807
0.424219102188
0.59699077121
0.383713020426
0.346659824695
0.495495753539
0.45249181202
0.381829025508
0.533092842935
0.40760659987
0.529145820648
0.39454799546
0.425838608322
0.537768447513
0.335002417791
0.452434920973
0.372592106134
0.561498195859
0.551672638596
0.754483305786
0.678462054542
0.397585628706
0.395726547723
0.631106347727
0.279562518673
0.554244423544
0.239063900312
0.230317401732
0.60469202936
0.582763147331
0.522432969031
0.461768731422
0.400157222538
0.802624870834
0.495456729194
0.625663576022
0.461857574533
0.849212076574
0.65333065309
0.63276234051
0.475592333497
0.681917320701
0.323761850623
0.325580129409
0.625225067191
0.238963709411
0.786286903215
0.65738319647
0.373063928062
0.589599388158
0.52266203356
0.298567030699
0.391274429925
0.56805500006
0.604045576897
0.502443382234
0.316950300372
0.571507081103
0.588220045682
0.588648296596
0.485986040604
0.583802661761
0.4682319578
0.494291654287
0.614508327875
0.586026114707
0.691199585809
0.732732181917
0.9142747077
0.531649863574
0.657386767127
0.351719348393
0.587594917934
0.64713152657
0.500107930704
0.246547816722
0.444957232351
0.409947420279
0.396515975402
0.510235722883
0.530380019471
0.512284958935
0.397943358126
0.550897836425
0.260051866559
0.462975577094
0.450730901809
0.285022683608
0.28791026513
0.702977164694
0.396353656441
0.427778701393
0.47103318102
0.412223867561
0.589263545064
0.473400609122
0.540945236254
0.471753514454
0.702991041893
0.60029138962
0.436767898969
0.430580900804
0.699735333431
0.39164790961
0.627991955768
0.554104336331
0.557109411465
0.497842056029
0.315957438627
0.633171967479
0.445440000642
0.63929016516
0.676430246543
0.513429890868
0.678232518422
0.352281384634
0.325783710153
0.377605889103
0.384224284799
0.471144701125
0.72295757825
0.652471722224
0.355082215597
0.521086882161
0.456002577095
0.501175996815
0.441538864237
0.421931052246
0.342954527832
0.379626774642
0.527608133999
0.518363504271
0.283437260772
0.463077378364
0.728018457049
0.417971260957
0.613494941126
0.546998897253
0.44957860151
0.463603014686
0.568844012629
0.439684474032
0.615414287563
0.68957868189
0.640411321907
0.465318274232
0.453661996646
0.536851518482
0.30723462499
0.514107184532
0.552782721754
0.649775552816
0.627211634556
0.544913064702
0.445544084311
0.639291909461
0.426213383984
0.526014294017
0.237064691068
0.465671882032
0.397966274923
0.567074932145
0.565761384817
0.364583603381
0.595248522202
0.651084253635
0.662985045397
0.646548938378
0.552250352156
0.467848720576
0.38915152748
0.618928320751
0.41763885069
0.339297539359
0.292258383733
0.349212438908
0.538730574072
0.414007464866
0.490364233244
0.444658063723
0.559022737747
0.633937662886
0.658799977813
0.513338320082
0.607757774695
0.585544876929
0.689532707279
0.590504556053
0.361179080183
0.640028152321
0.345698765416
0.300791558606
0.260663152215
0.699080216527
0.47620013113
0.47922752478
0.335367817541
0.505781419721
0.616488016541
0.448089073512
0.390417647762
0.54263445711
0.724815479511
0.514588806181
0.408755502737
0.352208370833
0.545163273272
0.614282762478
0.380310065088
0.407641433759
0.639078652298
0.428458830753
0.412302320911
0.416777270363
0.499512506848
0.413822027195
0.488418421771
0.27516998697
0.452747574957
0.319248058209
0.319172251353
0.563143336787
0.625014523681
0.562498218166
0.45227891098
0.466312767013
0.423937835101
0.465169083231
0.341205620614
0.624354522187
0.471888070601
0.521961501259
0.485878228867
0.463231676826
0.397260261082
0.637588225636
0.640149045271
0.646813863876
0.582844248611
0.563900061316
0.293730445933
0.641881966169
0.666089023981
0.228837146065
0.486307248442
0.609435973862
0.52298015808
0.465954694719
0.586822215926
0.624068221042
0.608941841011
0.386311023514
0.470898364003
0.424822487336
0.469667600526
0.545353842222
0.496497174001
0.646141789171
0.455282542854
0.660778752488
0.756731247717
0.482603056665
0.76180924467
0.567247285383
0.479449943727
0.674959472034
0.596482979653
0.592451493327
0.660579062221
0.461912463178
0.66179998605
0.494423784158
0.368892907914
0.399022175885
0.565749533923
0.663687509916
0.660049164532
0.577598116317
0.501395590166
0.570152387598
0.440848187727
0.467834052588
0.383552265713
0.448650528205
0.480416101463
0.772876435109
0.417127570293
0.527601026081
0.351465651852
0.508889791266
0.326415077262
0.615921550535
0.431165039145
0.423325776376
0.358817260617
0.414560011511
0.530613947606
0.563454695794
0.346720608273
0.741340252331
0.463264497343
0.372351609368
0.537701549673
0.705071316188
0.701314513717
0.707104369101
0.729046305824
0.591643776076
0.627949361137
0.549596496419
0.587497398872
0.544217934825
0.573132705529
0.578685671127
0.607750237321
0.638389392534
0.401982865722
0.43455503837
0.4210918999
0.437228474615
0.465930405903
0.292807065687
0.740413163473
0.489507707499
0.547156784258
0.428184145854
0.384591257513
0.491809752901
0.757445409104
0.686778274464
0.351594511727
0.579588987288
0.570538809854
0.476521425494
0.447344918275
0.512916941478
0.308879504583
0.33778135171
0.596676518511
0.700306037118
0.49271563326
0.520324386478
0.310215984308
0.495447883065
0.614257733841
0.621894734151
0.694527658788
0.59316454682
0.336006996411
0.64519175178
0.514148850198
0.539881725254
0.331010618482
0.555526204063
0.635376450247
0.593364618085
0.499728765936
0.65968162096
0.549137910646
0.473864688868
0.456534982833
0.48965962333
0.422856627763
0.423704158094
0.293927203415
0.460259318415
0.495905203478
0.716063064545
0.68602067841
0.627874773314
0.345707736745
0.708430607516
0.697686041359
0.602875489604
0.688488320342
0.439828335307
0.47613419356
0.352634073021
0.593354029224
0.609751210634
0.324046339025
0.712983520272
0.617470749555
0.576832565357
0.381684054865
0.509530869876
0.658001936255
0.639218789497
0.586773784911
0.442812989181
0.628651689547
0.573500305297
0.584821552186
0.710602708936
0.538865306346
0.553975969698
0.387269217713
0.480090514481
0.758398374914
0.680872043424
0.630857810266
0.466227621169
0.409421266581
0.59177330655
0.629788350329
0.695216545563
0.559785055619
0.636887912956
0.292267526178
0.423668524924
0.353856897668
0.445044887345
0.347029375797
0.436847251271
0.596089163526
0.387881770906
0.350466076841
0.778936417872
0.742045016841
0.497754241203
0.586935136259
0.592621592802
0.827075872883
0.699973834547
0.706550443447
0.679864287668
0.680458801462
0.598478153178
0.470379332836
0.732911237923
0.68858089948
0.668828935218
0.45300051207
0.417304833665
0.358966334596
0.61302889402
0.456648151157
0.526052097565
0.608715618126
0.493262580959
0.641421699333
0.533246516854
0.635129280712
0.783405199486
0.600906602743
0.383636047974
0.76017450381
0.486316121968
0.437745510011
0.383175639692
0.517566789159
0.398416359423
0.394593994363
0.396347661349
0.692210758541
0.625483736926
0.357023565043
0.463983695319
0.747934171804
0.366774028851
0.691138105339
0.390157165153
0.518608213486
0.628162537805
0.484737786969
0.751828129441
0.551314358006
0.497559190762
0.816623717223
0.56657979578
0.528476733386
0.337469251744
0.548650252907
0.386744708283
0.539889321098
0.474745749819
0.454767478924
0.448732684965
0.808772530216
0.476828866142
0.460655152344
0.531228409949
0.674211527764
0.51276826915
0.463918756645
0.508432695074
0.548408148171
0.323686457597
0.786567558044
0.544187722062
0.400977090134
0.660040846019
0.615741481703
0.447349846392
0.411117082272
0.411926749658
0.490476095138
0.450218729381
0.581213003556
0.57232452907
0.470223995579
0.470338662602
0.444663361106
0.64771212559
0.610891283491
0.369705653401
0.362615689986
0.537865978044
0.476836519887
0.292575816987
0.41387043823
0.490468239397
0.394859212692
0.278733574952
0.653365867369
0.54887245014
0.615905928296
0.516183993812
0.244723374204
0.469044768221
0.325615649363
0.43832236728
0.474195933289
0.696468506364
0.757982042668
0.620107099145
0.781485676204
0.391230764906
0.672833268954
0.325164814424
0.50527018668
0.651223754718
0.442449759065
0.592054591133
0.623261527572
0.587939021423
0.764256674091
0.560429651956
0.566796685327
0.588237991321
0.353413678972
0.427129877774
0.474868220918
0.560787225787
0.616888638201
0.398403747328
0.515845678268
0.512977951822
0.227477544442
0.567376461876
0.474897578195
0.404374835253
0.631493125385
0.638591236191
0.390827809462
0.439627536851
0.586229519274
0.422715048455
0.63032373769
0.487916817063
0.663424528868
0.591304310486
0.275411524599
0.618291730651
0.634238874396
0.727927800167
0.662654405774
0.519545082224
0.385438509455
0.681814012321
0.696534972723
0.610215907975
0.331741842829
0.570147335907
0.510988493823
0.283991038779
0.379423912665
0.307759644863
0.386116729238
0.460253631602
0.465715922431
0.557658973486
0.532193907068
0.406942983646
0.641143014011
0.548059066656
0.56698003029
0.592712512342
0.466961331181
0.729460547684
0.492885905762
0.528595201385
0.579933182964
0.354325645779
0.482625207213
0.291295957711
0.397619851773
0.644396889537
0.736016745671
0.784077174755
0.354255131829
0.516544608702
0.497920287307
0.308484826281
0.529179321337
0.713615130686
0.393466143915
0.505031483844
0.481656446547
0.549661019017
0.463869617603
0.645930270475
0.437459425725
0.636913857423
0.577530097539
0.699675600399
0.540608334388
0.486007386341
0.200515520682
0.496564494932
0.550683908744
0.589910022779
0.656593057334
0.490618882064
0.427657056028
0.499309588117
0.513336764628
0.513430917521
0.553982787188
0.614510594544
0.539065848618
0.634737940566
0.615296809031
0.65035311219
0.553268240942
0.48057246067
0.607126677781
0.310378335968
0.595301829416
0.570881941066
0.786258050735
0.772111257396
0.702404191105
0.645695324181
0.685033125118
0.444814466061
0.545183308717
0.552094215816
0.550618578785
0.658522833218
0.823095794869
0.830728351173
0.686551878553
0.725127638158
0.675961191188
0.367204756018
0.590358055418
0.541522022878
0.381007247034
0.553479975983
0.59427461522
0.432085351467
0.260860401295
0.596593541356
0.626584563166
0.481741070245
0.585593851593
0.681777847275
0.734938445015
0.610705075848
0.646266557843
0.487704202733
0.668598857451
0.388123187144
0.611372552403
0.489467034821
0.536714215484
0.620164092755
0.753454147728
0.370286373122
0.698579351892
0.566468158046
0.385955368814
0.712898257031
0.445558403957
0.646813420327
0.841226667817
0.784515007357
0.694021338402
0.404188525472
0.52595585928
0.620085944503
0.362849419811
0.531398815042
0.570120388288
0.37590316285
0.483916945576
0.470229509125
0.609465771005
0.458467384203
0.456767507891
0.482385012438
0.674697500707
0.424979067402
0.47317409488
0.474030271311
0.468883917558
0.506042090534
0.688414450347
0.667464307205
0.577381753084
0.550390035684
0.587955425977
0.790243276033
0.597070333603
0.681723126846
0.762670843207
0.389166618424
0.475527086493
0.756167151208
0.512739009432
0.583932947794
0.356743643004
0.457171412258
0.335470158712
0.427142432574
0.672949874806
0.660202572009
0.681261098176
0.266337043704
0.3750145913
0.335267028002
0.688117578149
0.528939986077
0.4787858894
0.57847205681
0.256382301551
0.412208352264
0.467835422394
0.715219806758
0.624232843298
0.476758345901
0.517274205108
0.444965182061
0.583336927069
0.58508823006
0.625209404305
0.631455182751
0.501561907253
0.485863109431
0.424095482511
0.546423883178
0.40146905567
0.661606340878
0.592843733461
0.609930091289
0.679154518837
0.588693095253
0.534081734165
0.421756812498
0.438801623357
0.552810525044
0.615207352483
0.367561705914
0.627999167463
0.443881020264
0.6469980704
0.586734242212
0.671428673354
0.404548071778
0.357751137379
0.589157772295
0.728461597905
0.45680189866
0.660882735592
0.109849427372
0.28478526993
0.290919505404
0.573266047926
0.576901709616
0.765243049247
0.640777935263
0.662083140122
0.564893617005
0.665454080429
0.663067145282
0.498648201019
0.608936050955
0.496368247764
0.552021815503
0.503623305383
0.564646195383
0.591786554505
0.55219867305
0.608092924552
0.753671448278
0.707946054355
0.632356754149
0.638207703348
0.432380641331
0.447595069617
0.694705821462
0.519432471529
0.5570622795
0.618259618798
0.462507305398
0.162284264909
0.634368655175
0.366287328157
0.425896924773
0.439285778989
0.354184522335
0.584054825467
0.710889400419
0.468259970156
0.476184064163
0.519979857244
0.661162646528
0.658464541722
0.520162463253
0.415901645165
0.457400398701
0.493925464591
0.570034410177
0.508607967114
0.563533371928
0.695893781321
0.6208350986
0.693391117977
0.614550116328
0.463642312521
0.77356647646
0.685046429468
0.509031140403
0.619393738643
0.655126383699
0.504869829768
0.465517769843
0.536459592557
0.704655889909
0.406309274191
0.787253000775
0.735459254038
0.52783485548
0.469595819029
0.49214266498
0.615343672829
0.314584119674
0.636775438182
0.448231642748
0.542409648339
0.439561881761
0.523315516927
0.690094240745
0.753372678816
0.527489859222
0.636445834438
0.484666337387
0.499206984809
0.517438986049
0.482621975573
0.369383227744
0.52722007979
0.770823853343
0.573165826914
0.475787002171
0.473648194913
0.576553756508
0.488216744192
0.509278129963
0.345574037719
0.510184666503
0.308403267319
0.620046540493
0.563799782383
0.663317593596
0.596622391658
0.437566634345
0.395695417872
0.614071554136
0.483693977168
0.814293619984
0.781291043446
0.747900078402
0.473485300445
0.572512028107
0.510032672552
0.540528587906
0.678985988203
0.567155836622
0.369831748585
0.494302200624
0.539271464665
0.637844229316
0.708623889352
0.68266520659
0.507156100683
0.510507880143
0.535457825607
0.564766670184
0.637662578092
0.320739271646
0.572786315847
0.494522929749
0.388398439126
0.484515553423
0.552180496813
0.324183462595
0.55200443183
0.659969331964
0.428461191007
0.495653196724
0.765128489124
0.548247696737
0.802380372609
0.667637242085
0.395446481091
0.331677551164
0.625778151566
0.668579313098
0.502100786537
0.64923867636
0.688593274077
0.336026933872
0.293771579294
0.487793086074
0.583850141194
0.419407481951
0.59854970793
0.556962254989
0.55266267219
0.684151937257
0.691289368775
0.180485693598
0.461885375739
0.702592715628
0.467631359675
0.599565004
0.664556887927
0.469530684541
0.624789487331
0.577929879396
0.735364253209
0.733263661812
0.589334054305
0.493625610148
0.458873178707
0.652632080441
0.540871662409
0.582946630477
0.736376363685
0.45481676853
0.479912685652
0.59570197555
0.727023039157
0.664678686935
0.729138509154
0.460916471788
0.640345356781
0.523393853479
0.360042036597
0.399864459613
0.545319983529
0.58436665116
0.40160562219
0.41271906733
0.378839941274
0.499216660828
0.617982803959
0.644128456014
0.577870155967
0.765370293067
0.570598977582
0.568964659869
0.654949992921
0.656533948905
0.739048553262
0.622598761656
0.579748403531
0.66816288731
0.315919793148
0.355940566191
0.613674305573
0.611296277088
0.749528829419
0.410176250647
0.449160765681
0.280327212528
0.607516332984
0.724575349307
0.562725504803
0.86673941068
0.599960351835
0.354683687624
0.569440273856
0.444635666682
0.57640637824
0.627426268907
0.502613564286
0.611130021304
0.577408551371
0.401145228362
0.490953942295
0.531184504979
0.449007523558
0.436201351726
0.524094848712
0.551333779679
0.48559879226
0.729716320329
0.41319206929
0.566669991561
0.648783983152
0.471076129171
0.366273205729
0.666947551437
0.607989250045
0.60709109846
0.598826632758
0.752842881397
0.583489054136
0.335762697607
0.458705076423
0.323762629474
0.514285655681
0.418363088826
0.355613215262
0.192249705621
0.298551994624
0.601635700868
0.611442709148
0.554851334838
0.67398037528
0.637602307768
0.553756262008
0.638252118113
0.590345203411
0.648656076143
0.312007260963
0.546428666764
0.510354391561
0.466567766021
0.498538403413
0.230405713982
0.485262729678
0.618393488911
0.389681937455
0.474743056461
0.696299860999
0.575441397218
0.530701776464
0.458546994075
0.229234398586
0.669263593373
0.597276552973
0.539403929678
0.444389802677
0.391730973412
0.186867321393
0.509743822334
0.528417262933
0.44507275522
0.622559924474
0.28689118706
0.570009586149
0.595938971034
0.569952646965
0.519662152262
0.618219987745
0.4862227114
0.338394564567
0.414478488234
0.703942693923
0.580365361523
0.396233003739
0.351960282688
0.340237014467
0.26419018124
0.519223128259
0.614570550825
0.402064907308
0.715182019671
0.502152474717
0.611936540291
0.36609078019
0.633351427538
0.498348950037
0.415045031775
0.729976443686
0.713662139941
0.411744615667
0.332924318235
0.214384558298
0.319089323592
0.513870364397
0.446152676101
0.536822930747
0.450722800658
0.561966815759
0.43860303399
0.342299687644
0.347106536003
0.607829284371
0.316547831094
0.548875103636
0.364341720528
0.58131908761
0.621000654302
0.524610986707
0.388791496151
0.552815522553
0.590927082342
0.506861144974
0.477561891236
0.364866926179
0.528249409582
0.46808162537
0.281550974286
0.558666439392
0.509747810422
0.547018275589
0.435482382945
0.392570852351
0.417883089078
0.677836006683
0.554221768208
0.545188926519
0.657660898177
0.469540028582
0.721567639415
0.520681838375
0.458873149619
0.383077154363
0.362581099827
0.519394122768
0.508451823693
0.506963381997
0.441024747268
0.509687598268
0.446091676641
0.575971671076
0.301317230823
0.357598642121
0.398530077699
0.44024402917
0.414019187374
0.535256544177
0.404650966604
0.530678201536
0.329767972701
0.348707559755
0.524133082004
0.741005669877
0.544868933546
0.505909270075
0.381119937077
0.625298934133
0.32616714457
0.559045284027
0.77640900304
0.353787618499
0.370365530884
0.545251280969
0.67744542669
0.754290763696
0.537264020774
0.625837312675
0.557399947816
0.581841448316
0.63221702926
0.469474925512
0.573033505236
0.83511321593
0.6744451115
0.737021589616
0.422581901223
0.47026827583
0.598698530635
0.61073727152
0.605096416763
0.26150086788
0.613090895156
0.519626434836
0.491415514205
0.534448777075
0.391291618365
0.559145008949
0.371044370886
0.558384639564
0.596356087132
0.284027086143
0.585296748882
0.704967022225
0.611663325729
0.353724381817
0.228125226302
0.278792420271
0.415255341362
0.620937372114
0.558310784358
0.520855624397
0.592911833227
0.645976689966
0.809723270797
0.502650567518
0.594842175512
0.427118404694
0.487639150146
0.514487304329
0.558834537746
0.543698345047
0.709927988847
0.675944818746
0.648858912898
0.537121809623
0.582043341008
0.858600305435
0.588137936391
0.445110403703
0.297974994107
0.601861696489
0.377538136785
0.475259522777
0.605423876958
0.526778691021
0.616002912453
0.761319868653
0.475840459054
0.473700650561
0.558019160366
0.592076454742
0.482561206539
0.800691363886
0.484105136447
0.41285321924
0.374964282968
0.410027098445
0.429714443505
0.634849227193
0.420489051961
0.722836572067
0.585146681877
0.636908411515
0.446560311185
0.735771141123
0.674415919017
0.459918581153
0.53646019983
0.515446218129
0.529791432983
0.635204549121
0.583763337871
0.548486761458
0.608860880849
0.54718092001
0.656087716427
0.788830230484
0.586911318714
0.583136566498
0.53729146395
0.511757729904
0.419302351226
0.551035965014
0.538649420077
0.401801314479
0.316881102078
0.480444237439
0.509545833413
0.781946694015
0.519590978198
0.603931525608
0.308635138236
0.449004862673
0.324365702223
0.390094380479
0.463011603213
0.44760659604
0.432454894835
0.630475095296
0.726039461023
0.632922205164
0.63200068713
0.654147070847
0.534715937293
0.498507411218
0.511070847919
0.625992665953
0.664957851961
0.623815693076
0.387645222267
0.746073869175
0.529494688075
0.601628321688
0.47939048707
0.676325272236
0.407095366886
0.635933628938
0.573075612773
0.660906964911
0.368674829146
0.44194961327
0.691041327264
0.564833220216
0.684470396758
0.29447099389
0.58264760596
0.566280746311
0.629221135828
0.495234603312
0.377320062231
0.554752749957
0.651821597603
0.542854015564
0.396071707658
0.610750686743
0.710402791126
0.440935811181
0.541921668261
0.732463993553
0.284671141785
0.756718297867
0.20270237497
0.601787441148
0.306804507637
0.492656164105
0.591486362484
0.462875078771
0.457750307304
0.386767239212
0.663837882062
0.524767858227
0.501062858907
0.503644127266
0.503328768199
0.438588013817
0.571613619884
0.430504306031
0.499403030723
0.445456886328
0.639014126027
0.516943952548
0.61721393809
0.710668270484
0.202450500715
0.373889456516
0.542421143058
0.616043304284
0.494244970263
0.606465956987
0.852385581724
0.578503549091
0.368317213235
0.416418787441
0.485391323454
0.501941175425
0.592472990801
0.582695415518
0.585252344885
0.388904748418
0.435154406173
0.68240748633
0.555304011284
0.396621275977
0.785179913657
0.654129176279
0.686434514772
0.426053401968
0.570232122869
0.67901648481
0.509923963584
0.777929356028
0.436917367031
0.451313443845
0.511826014207
0.586347705148
0.630443400918
0.410244590159
0.403721999863
0.395578135519
0.447319819262
0.522012188892
0.571091337513
0.509895382197
0.499846164169
0.466683389342
0.522831191256
0.283567487872
0.328203981271
0.32939954237
0.466155713319
0.585174565855
0.524584174371
0.39930469827
0.553537029372
0.46220032087
0.36153321531
0.505164654145
0.378673361341
0.367372257342
0.639219883045
0.56420064878
0.491260317433
0.340681701213
0.54703734287
0.606781547804
0.499055056293
0.419493074986
0.398949380743
0.352614083981
0.458389185377
0.538682923103
0.577093852296
0.731109629863
0.44471929833
0.500485271174
0.475862379259
0.652144246561
0.481639649179
0.574315534808
0.243576997035
0.268206476102
0.441384040228
0.450669593073
0.556996368265
0.58089703609
0.492912931648
0.440106317516
0.628128532726
0.359269204315
0.392180583655
0.449429497394
0.472600217838
0.514811017428
0.721202048347
0.424839750858
0.487446942358
0.585130213711
0.594439653301
0.395590044394
0.304612288188
0.506835944645
0.394224577376
0.535147790782
0.588112675774
0.560059111953
0.492921821514
0.525180052726
0.543686671612
0.497176296425
0.2037810995
0.554304186859
0.739759866075
0.27511121405
0.238250694655
0.383001976094
0.639117733328
0.676310615506
0.63614945585
0.45934723124
0.731564063096
0.422241182582
0.588135851909
0.50868684067
0.74389333338
0.607741012559
0.444312000571
0.630275540361
0.49773656827
0.47250857095
0.393701478452
0.646193920345
0.747704233882
0.473255355369
0.314720135659
0.6335187123
0.672907624507
0.534312461307
0.356415166259
0.527479821096
0.570897859987
0.554320194061
0.597834279057
0.723991892225
0.393567818274
0.665185482034
0.491232341716
0.404390095078
0.424499631481
0.642783332487
0.344002549604
0.492404739501
0.415498226213
0.57899610126
0.354189433596
0.609514186991
0.61319714937
0.672617748687
0.458672677375
0.328092128852
0.741943878271
0.614520870169
0.600484857971
0.380731524232
0.42424342283
0.807529198331
0.391879961155
0.318434572996
0.502194517474
0.296805906841
0.327906111809
0.42321928074
0.584922679055
0.583585363838
0.655052530284
0.62758134619
0.441572021452
0.448199053672
0.71367745747
0.618268459859
0.448085817776
0.770040455878
0.606041010972
0.68225710192
0.475481529251
0.554263653415
0.550736795364
0.488886819544
0.328936716073
0.355965143271
0.443740550186
0.410925175063
0.595807429101
0.541406714368
0.53723215379
0.589293567644
0.552660289364
0.759995007465
0.638865263355
0.38074958747
0.32057291348
0.356865958481
0.576125123631
0.549106106811
0.463382193372
0.601286846161
0.514283263686
0.743027820192
0.809477398016
0.683516758622
0.775619191387
0.574331492768
0.758402584369
0.518891429346
0.630617120844
0.699585689654
0.540243226229
0.683188289033
0.490974280968
0.477989509163
0.631558394466
0.635469053138
0.503397252302
0.559131043894
0.601015281732
0.523708806664
0.586080020276
0.363474837558
0.496541526085
0.542786637266
0.697663972601
0.685867794501
0.274480154844
0.552962924709
0.526518075742
0.616234657276
0.597110102565
0.455963003122
0.355944170584
0.476392504576
0.419004976064
0.287531422601
0.771062175112
0.566442611252
0.472850307219
0.515682826751
0.516141324219
0.541568531758
0.699242254047
0.690497559845
0.74409184929
0.453895852989
0.29422093665
0.565851964987
0.58963153042
0.392910991115
0.560151623589
0.447787789049
0.510831330014
0.515543964834
0.553375321503
0.396073282978
0.614860081813
0.514274026627
0.491603171476
0.620891325753
0.488967738025
0.540855440314
0.403006255056
0.532156082907
0.7195245799
0.664675200731
0.808173632324
0.700825291329
0.513702130222
0.487635539572
0.549031652995
0.500074397821
0.484451102379
0.699980095968
0.416501631172
0.320426566683
0.359207249793
0.295696926714
0.490004801733
0.665108646845
0.678092951205
0.793169574412
0.390725940566
0.332692313865
0.668256415733
0.462379475672
0.7383130436
0.788322615597
0.515418179552
0.533363995917
0.555433116979
0.633889497195
0.642615841536
0.351435660749
0.428424290836
0.415197052404
0.800769376041
0.763808158535
0.630645267572
0.564059054289
0.529918838901
0.655318567619
0.522412222004
0.602209925955
0.375167809642
0.634658370529
0.773338571227
0.740338355165
0.726947547469
0.421818574491
0.446156642055
0.636565066739
0.607021342179
0.749823252275
0.654928384459
0.601566916356
0.513277931366
0.588242985346
0.762333678816
0.328473087753
0.255687314448
0.688389969678
0.534170634026
0.495431989251
0.492436835371
0.627116483558
0.646105071896
0.653059483838
0.54320786827
0.556402138958
0.45256919454
0.382106074221
0.251280954618
0.419856221145
0.540346013839
0.590076318643
0.420615677367
0.7287696132
0.575451477018
0.37734623254
0.438186867312
0.406133626945
0.650263458683
0.598028381475
0.455092614806
0.401745499335
0.449112705036
0.670497716036
0.618298474793
0.311395378202
0.633918286036
0.594740758774
0.355088167612
0.650253107623
0.453781746166
0.810048733759
0.578766624382
0.746381670269
0.543354856497
0.39845780569
0.527471196849
0.417938380775
0.756716367836
0.574468464503
0.670628951739
0.345115369988
0.504625418953
0.477898716896
0.478468962413
0.751967691883
0.731794659768
0.480513440143
0.625986977942
0.687351304092
0.383847123143
0.644154751815
0.823856059739
0.584399831513
0.555906729235
0.600384418106
0.618968763186
0.552307243493
0.369985098363
0.63280322165
0.270210383563
0.587096223474
0.698222582881
0.549884225398
0.375452285085
0.444281573366
0.440924602415
0.728989827485
0.374359965759
0.292171076327
0.354725078583
0.584417655838
0.505344418381
0.666257357147
0.696753191912
0.793670677115
0.621022287299
0.65892598451
0.461710337908
0.609985842321
0.479438967259
0.679775772606
0.485957508508
0.579387947408
0.663578521165
0.534512402856
0.480803328101
0.56821194548
0.499350656971
0.612658963737
0.660261605419
0.60412430861
0.729165829102
0.684421797954
0.508417661297
0.585191804173
0.620911225737
0.392325904583
0.485466543204
0.564281957286
0.685986852381
0.659020673215
0.35992438234
0.428572130295
0.550477900659
0.667272558029
0.608111669162
0.516236689412
0.419672862751
0.553053510308
0.519760544245
0.434829722867
0.666286091859
0.502359489362
0.599673341728
0.374234240393
0.571091332409
0.637223730424
0.411541136565
0.51757134731
0.508180657711
0.547660150494
0.396702147004
0.57601150673
0.309128989118
0.428568961448
0.694238344012
0.702777819929
0.708309197056
0.768607218022
0.805218672309
0.525312025494
0.735085655122
0.480906186116
0.587266778241
0.732997411736
0.550716623224
0.520274088367
0.590735370304
0.534330353595
0.336715188038
0.40922433706
0.350674235379
0.445868471851
0.452179151345
0.663273098143
0.628576891492
0.633486903843
0.821462603035
0.66400688395
0.656604341703
0.627508615664
0.558130732525
0.546375515744
0.400603030785
0.311788601421
0.3612159144
0.551318856854
0.525260038603
0.460125234563
0.516901710339
0.53459859927
0.559169205853
0.561416939783
0.461243124783
0.675715221032
0.622496216475
0.576412953952
0.601545280554
0.584007227641
0.574521658442
0.30375376227
0.546799032212
0.423186826117
0.605272604759
0.353338165822
0.551901470229
0.60977616119
0.817792214884
0.615234425582
0.483552852269
0.608076282292
0.697262583304
0.640519219377
0.487505991426
0.42601858457
0.563565172212
0.45949516875
0.333857267367
0.727412191702
0.540327316752
0.476510596999
0.507028979538
0.5782773643
0.414729157027
0.630965224583
0.700742041908
0.526791770854
0.636402224632
0.539072540573
0.687724798104
0.448485473521
0.455796903561
0.518301554796
0.508172411937
0.399116983188
0.339457465406
0.444344698074
0.627501705363
0.467687455609
0.563243348851
0.339616396927
0.388047934391
0.569558306446
0.619447856134
0.753428430172
0.491488506739
0.587840928402
0.570442689548
0.644979743692
0.552427821446
0.749583293426
0.439264553245
0.541011548023
0.549921062796
0.316395780481
0.24728889522
0.853313736155
0.572630978518
0.906328841219
0.287979034569
0.368754652287
0.410955875542
0.57364567135
0.643229076902
0.732315434359
0.417477287578
0.721053464917
0.747072652557
0.593518720341
0.472128196399
0.511300769537
0.663198538229
0.473138313158
0.631040845356
0.516002102649
0.450720639155
0.458602589862
0.464648056931
0.604220031379
0.551132745587
0.538571800036
0.643027471926
0.407701211224
0.515564429911
0.280284469946
0.688023764725
0.480141173565
0.605802881232
0.560907764337
0.310397340135
0.43261405614
0.499790693689
0.583216508723
0.454641984078
0.666056213359
0.440950204676
