0.311118894668
0.7207556089
0.529035467515
0.596313668112
0.475343452217
0.46922106275
0.485607336854
0.592536384093
0.632772555591
0.629544500532
0.633028304727
0.587528914588
0.661766591983
0.376698132223
0.331161426214
0.357298903473
0.758149328056
0.464391762525
0.468810394183
0.554557214592
0.416049236762
0.382424709307
0.574999740214
0.643108657758
0.335114086249
0.575612609193
0.648009587234
0.5355445064
0.518649513398
0.226731366483
0.631875224493
0.520602081808
0.470646129307
0.67683698162
0.403845651953
0.51215289712
0.530958665832
0.624106590628
0.560481167611
0.347837195774
0.537331130468
0.602074837454
0.680555960143
0.520673980847
0.566415033164
0.713510179219
0.653605157055
0.332925174141
0.482809697683
0.579043303929
0.27258077384
0.463561469357
0.570575910943
0.47114276346
0.500110492971
0.569201879838
0.541615708368
0.642829287018
0.429959704744
0.327376777015
0.553895168966
0.592791373407
0.519904039989
0.603633555686
0.63961323735
0.609292648818
0.460805998409
0.48589158724
0.342526701653
0.319285675433
0.370108508547
0.719493774385
0.320704675916
0.544913163163
0.45923572467
0.544510293298
0.488644558543
0.671939167503
0.601865787857
0.449249986438
0.643522827276
0.43543401261
0.668656010724
0.773566472414
0.674659675101
0.610491707858
0.690500036628
0.411321290026
0.498277411808
0.324239180845
0.497342654272
0.38523997106
0.296848745932
0.491352818094
0.546189749493
0.470070562253
0.494028312815
0.66173068101
0.437777592396
0.656289770065
0.541273724637
0.803330173442
0.492191162164
0.611250530302
0.518902401775
0.590438941105
0.580686591408
0.789219474952
0.639887561643
0.694179162213
0.229924923817
0.637604389475
0.390515790267
0.605646688474
0.572203812663
0.585567716386
0.5312617219
0.523647004456
0.678634025391
0.623060813744
0.514457753522
0.6624682364
0.394601099316
0.483074943562
0.618780744446
0.439719312226
0.308521448405
0.494312011441
0.651661858051
0.647115373373
0.372472579126
0.486558350593
0.382498310432
0.510109054865
0.709086150419
0.774094293004
0.520154118883
0.463789101911
0.641660274774
0.588526206091
0.674577935665
0.703031348405
0.69494176491
0.721525077613
0.454638250295
0.685857663911
0.503214207929
0.559123004661
0.272296405243
0.410133440865
0.263223169129
0.67172891293
0.28791129026
0.528802722943
0.400233765127
0.708053604525
0.573496508784
0.651683595667
0.692904440033
0.713439505737
0.782399370072
0.835053680168
0.502248801898
0.436572564189
0.640877042302
0.844796392039
0.715837177718
0.636620558015
0.232236699715
0.284926885785
0.527554212064
0.22412745205
0.359964058844
0.60819434361
0.740658619674
0.364828348105
0.686071467407
0.641227446762
0.712961845351
0.588356832368
0.656118223071
0.327351962602
0.511954022139
0.712250751827
0.363303959428
0.646512041175
0.578579570152
0.228217435564
0.585644322981
0.50226334601
0.572521329352
0.446519246653
0.490779356287
0.449348559002
0.553694111564
0.672163551118
0.398388694732
0.32583795211
0.549082089426
0.616122841566
0.548759471916
0.350819691416
0.538008915937
0.618778219077
0.55059950284
0.491904465734
0.396376623666
0.414578954139
0.592868951666
0.38480153143
0.319574351719
0.597980269852
0.519975602221
0.296404303614
0.607915276941
0.597549202201
0.580044987952
0.549080881197
0.423158068404
0.362769152008
0.589912705586
0.244328506274
0.26788371274
0.397265974882
0.528026139969
0.576533183398
0.642666729028
0.672285224348
0.434166953384
0.546931518118
0.536500395504
0.485206661717
0.721985925929
0.620667948368
0.429697516594
0.54036674149
0.215899429111
0.558153945656
0.285725350462
0.727352108783
0.427210806378
0.727145099232
0.415976139754
0.368977451078
0.411441585152
0.542202384139
0.520556283216
0.488931486722
0.53234613027
0.524487111664
0.596168401747
0.50555531204
0.593502680508
0.57890753296
0.497711186593
0.55618425389
0.499477125182
0.3506428828
0.557561358369
0.430494612887
0.566302703229
0.604434658245
0.44210600757
0.370648395191
0.458659429227
0.610571792974
0.520158861418
0.409405654004
0.586764253451
0.544528614325
0.494701503848
0.497828670933
0.560161347788
0.367185861487
0.557836595525
0.669318796947
0.348678884877
0.544127675732
0.52932664569
0.515696316322
0.63877268573
0.611388948869
0.693192084276
0.571217488119
0.710110161527
0.502493477241
0.716026004908
0.344956006949
0.321458394096
0.673953178219
0.531654769121
0.429168176754
0.556066693643
0.446785968895
0.744987040638
0.488003182208
0.599403433022
0.316107067476
0.670412360374
0.617548874435
0.63835004181
0.469331073785
0.715157223079
0.578482545973
0.375294820016
0.227351978649
0.549648650271
0.448245075145
0.610568894245
0.666065752129
0.410560289603
0.594176228241
0.602987805964
0.551938731026
0.276707890797
0.503354705341
0.418481939636
0.563066910645
0.651077641072
0.60190565098
0.551431660156
0.489964722895
0.503772376034
0.567117390915
0.415610413175
0.387531191113
0.428651945431
0.570033039433
0.531294102607
0.491159225137
0.520120355955
0.58977392568
0.728933599803
0.412569176741
0.46265686752
0.521469064422
0.378162171106
0.440292997015
0.641738640174
0.462259121174
0.168764506707
0.361397211006
0.508316120341
0.605393849849
0.608190335658
0.752163101346
0.305763680988
0.805515591525
0.735135658502
0.269468271967
0.315316593689
0.370351506529
0.435069361739
0.41974668297
0.500262487013
0.336992203109
0.398920212203
0.524749156594
0.534583425837
0.619091759149
0.606773177708
0.423238131442
0.451489028414
0.478068025109
0.336457536772
0.667850099963
0.518345394053
0.435845757888
0.663232525475
0.556894536848
0.496364119665
0.329178906015
0.367079467804
0.31337166586
0.425610830152
0.610868108302
0.350750759383
0.496397281492
0.692018860881
0.480645090636
0.659803138963
0.309035130627
0.532280058057
0.64357112902
0.487235114824
0.548779460819
0.575447879166
0.627471199719
0.737539814626
0.541619589226
0.496510564569
0.507704408586
0.675154401049
0.550277239758
0.539731661724
0.539792376966
0.710164570026
0.498527994784
0.422851652386
0.567074922237
0.502595155524
0.694333829113
0.732071978419
0.688020090775
0.468413019437
0.657484662359
0.50397765495
0.503261538196
0.478893540527
0.462039395602
0.575559097889
0.645198927839
0.756228101673
0.714496064399
0.564019358051
0.546992035291
0.459894974899
0.521448921039
0.332799047509
0.333447806738
0.734025411522
0.56204451195
0.438637784416
0.47789023116
0.463029447586
0.618459820198
0.694575989115
0.684276324673
0.653347834471
0.551920651519
0.393751503639
0.536418348657
0.543575744451
0.442301031293
0.459247619023
0.465506907583
0.342443772742
0.635639807773
0.623168193407
0.389841736309
0.314768326156
0.466838236868
0.664889217636
0.512649172407
0.515166429011
0.567026067457
0.296282173026
0.367612047523
0.426754587241
0.365723312392
0.479152564227
0.274917442116
0.728526455538
0.558245029068
0.621862999493
0.661563394964
0.568328319597
0.530860680793
0.692970171166
0.647704815076
0.730289619779
0.469088660815
0.524206228728
0.554122233446
0.486448295689
0.300953376935
0.392753400422
0.546812861574
0.508364080337
0.480338927555
0.488347712943
0.642053340889
0.404369352845
0.430667179047
0.413353691362
0.711584047203
0.810479373038
0.438476977969
0.48922056227
0.647916426044
0.690616828334
0.601441621668
0.618564742706
0.717591446658
0.619972796579
0.468140496183
0.69774812306
0.627752913614
0.609105115987
0.506348738569
0.806506161574
0.495151419658
0.449231412358
0.635224712835
0.356039127479
0.446075599501
0.460007337277
0.424807999022
0.69550110097
0.699912617969
0.537641433783
0.487940964972
0.367399742747
0.434916574802
0.699364529503
0.451303249205
0.547026234579
0.549138009508
0.498843236289
0.604849860846
0.447174752174
0.565814007872
0.445918772156
0.540552464063
0.545626658536
0.578377428558
0.626434778907
0.420169024083
0.711339389741
0.477066875832
0.46778212713
0.477727130962
0.533842202792
0.693780212434
0.575937931044
0.594991867924
0.33909390951
0.493752524171
0.466321978528
0.383740324143
0.386196078833
0.293399138983
0.376128501348
0.463244000079
0.588378750062
0.451195286463
0.631101892662
0.649864582853
0.423006525613
0.430743715175
0.471503311235
0.463427325282
0.605940612366
0.598181715713
0.378033239412
0.690925369222
0.49730918929
0.588054280557
0.450069696002
0.454802576788
0.460891979287
0.541071197317
0.588351415571
0.693897604717
0.512099315451
0.546557339316
0.477139760268
0.622323197839
0.717879697987
0.578171419395
0.6967072764
0.485045772795
0.478345006811
0.602491073601
0.416907455748
0.614183380587
0.629138868619
0.509216272427
0.382059243814
0.476762680377
0.386115290936
0.544504043282
0.498775266527
0.61666694684
0.472403950113
0.576573631805
0.586520362259
0.30899559777
0.467590303017
0.46366435181
0.299450948887
0.280554584132
0.481680011591
0.646375480031
0.528491365114
0.595724012692
0.565304540896
0.420821636286
0.553817705035
0.647723041857
0.540780817297
0.67045258237
0.465596410357
0.597237965802
0.548121084939
0.761314478816
0.722071717781
0.651162081671
0.359256301666
0.47340556603
0.415343208596
0.582904460534
0.27581861433
0.397731479886
0.477382706409
0.34667485744
0.386085366071
0.709685858027
0.463218363749
0.516670304046
0.550606793532
0.440772764465
0.590534460726
0.661245905474
0.581053934469
0.646734322329
0.61520671406
0.441632026045
0.589753967732
0.62115878912
0.769782870067
0.460914568105
0.481796682211
0.524379096092
0.613443617866
0.422849635429
0.451533986584
0.535972732941
0.283894228917
0.416150406618
0.411926413763
0.721863397731
0.671243893641
0.322350589225
0.381419207341
0.321103448523
0.442801979468
0.362303847213
0.392339544291
0.479700293689
0.38167921385
0.459087014603
0.679581945514
0.753696911441
0.589212885826
0.437340433908
0.579250445329
0.249761500375
0.518814019013
0.668650303824
0.612656045239
0.532980988935
0.44451436001
0.584026810407
0.38160536858
0.502201058875
0.36379266464
0.699973789092
0.680901545419
0.508566383622
0.440622744339
0.658791511305
0.673458669357
0.66267571889
0.571802116427
0.536438913805
0.461238966854
0.428008823115
0.478829235212
0.448386906571
0.38246903954
0.43287802843
0.646178974886
0.445146528234
0.341150094156
0.542039992483
0.693201013315
0.488831918619
0.618278740555
0.535468653097
0.589908797281
0.655053754726
0.570109527631
0.500490872876
0.658557471614
0.501180796994
0.705124694422
0.701029130013
0.377819801977
0.423618914458
0.418909340332
0.513230975937
0.471934905668
0.48014786698
0.587482914007
0.48358507373
0.47304442291
0.594497645821
0.387842562345
0.325539563219
0.747002900833
0.561214896561
0.618213240076
0.525963852899
0.45409891291
0.553348950795
0.517670050094
0.388966629158
0.496886791869
0.489101970051
0.496611560761
0.46400399762
0.60560304895
0.62223332536
0.553084012354
0.650891405543
0.502706136639
0.662330139136
0.784912936867
0.735408384887
0.431478877108
0.347871485152
0.394609366829
0.622294251227
0.4398168393
0.420600545563
0.505077239586
0.393796949418
0.598404399223
0.378526752656
0.456766746335
0.48342693534
0.447896673824
0.361315128048
0.4567234115
0.648918492057
0.531979910269
0.681283908344
0.50077165751
0.647177449751
0.471064541719
0.418702923088
0.243079796541
0.568707694593
0.310779299645
0.441112997274
0.385544672716
0.81010492149
0.379410838912
0.479854500329
0.494289641115
0.444969835838
0.368162386695
0.30203277262
0.509307428906
0.403145294949
0.523573327402
0.547510750213
0.351500647315
0.616847664981
0.378984939553
0.619718032223
0.672962368064
0.850429788816
0.624600942514
0.751268561967
0.562924515559
0.720924820922
0.429341321362
0.750011695773
0.527305726292
0.533538283839
0.461901091211
0.479932424157
0.555492623222
0.380777271934
0.588969526781
0.468535258143
0.500173397712
0.482258091661
0.757877739532
0.551783063092
0.609097380038
0.463530871353
0.363546939717
0.559670329277
0.739305808654
0.598239171863
0.336771403092
0.507726330011
0.439037329504
0.492629316152
0.529444797255
0.265203216378
0.432646461892
0.334107912764
0.627439682191
0.351575695637
0.55482531094
0.575755412933
0.55276983186
0.611254183635
0.595988901505
0.363166935138
0.548437329571
0.595796991583
0.337824938368
0.650330247674
0.477863613008
0.416989121019
0.422037033884
0.522702614661
0.709161786418
0.346931257163
0.604143416977
0.608994100474
0.377424619131
0.437966702581
0.63940346983
0.573517179117
0.456152475391
0.388200883229
0.438264803816
0.547333635126
0.564046706538
0.674972191111
0.604752894463
0.532754746405
0.543413200191
0.701021461629
0.374372909502
0.478976416428
0.599683673759
0.597945902936
0.22989876166
0.616186447122
0.468176770123
0.708329828643
0.322206482829
0.733737180025
0.480103983288
0.686980966417
0.697605772124
0.549531217606
0.301792444921
0.478794583601
0.477861705666
0.707122378342
0.4590647905
0.464643898969
0.4981630459
0.423850749444
0.468713758182
0.389360091319
0.619353836454
0.696039674116
0.303606327931
0.83948727799
0.715242076652
0.460318241653
0.461145342694
0.296970426749
0.441561692983
0.639087785146
0.540095953149
0.476298942246
0.547113165286
0.479347856504
0.653515095256
0.464194038531
0.658069397186
0.521259371783
0.536945246613
0.216972654839
0.606354152991
0.541940025741
0.615898288569
0.566976634563
0.351604196616
0.640289571212
0.35752019217
0.437636229684
0.675504601743
0.256215821275
0.343753749964
0.710882146068
0.362066932321
0.586556046864
0.581752193058
0.644366469607
0.662586822954
0.510980608469
0.528628214841
0.373411029148
0.607202934669
0.552983605774
0.725522302386
0.593389982234
0.417782350518
0.493826243325
0.526196407342
0.509065075242
0.375279619816
0.561905506326
0.455113409844
0.603041318781
0.597657045172
0.584694034413
0.280492356594
0.524882602582
0.53340102614
0.590399030239
0.507843523487
0.299679006054
0.451523484171
0.363813608771
0.399299616052
0.643501840411
0.482483841678
0.409556731044
0.336687908786
0.374281111556
0.461631761085
0.460249359977
0.594279341688
0.43782636999
0.531030594089
0.503081805698
0.454106588199
0.325178019626
0.265122246475
0.347729264894
0.519693216805
0.319598647053
0.537598139761
0.644511139642
0.733102575714
0.605499533912
0.581290830011
0.46544563121
0.465423183538
0.776687323435
0.543351952731
0.290733214398
0.540784658625
0.628266658023
0.567848534005
0.740228275659
0.596198209657
0.668759962723
0.497216302036
0.163557986952
0.732140619172
0.216232616009
0.628359454757
0.590107352304
0.509236838385
0.603326885071
0.430616429439
0.46487880051
0.718928044776
0.49938584997
0.665863939981
0.424731743653
0.526702144748
0.613291390047
0.59333540654
0.467001274868
0.637728274454
0.559916979947
0.375051596203
0.364349088344
0.547107755788
0.337256029185
0.463525737335
0.449204633207
0.494778190179
0.502999986027
0.432782129186
0.545404557935
0.604220049157
0.289229454057
0.204496367273
0.366959402036
0.490431685794
0.625969077692
0.45844971639
0.347817680201
0.572456459548
0.703252986829
0.546331370289
0.503379255612
0.540855173693
0.805241375416
0.546062126892
0.491326644769
0.578530425892
0.458636133545
0.488914666891
0.493839059359
0.524420310309
0.606658006213
0.688812790301
0.32176831608
0.627513589733
0.586872385603
0.533526860518
0.437432617984
0.503544830897
0.511794801955
0.533727151674
0.329885437991
0.382146046696
0.432265436728
0.400035229041
0.641271651887
0.658008831082
0.453625100286
0.217259973708
0.512516634664
0.605066879463
0.718292254463
0.609674646108
0.21232686934
0.121942780363
0.521348694395
0.572412479337
0.496024845339
0.45302441259
0.305561622723
0.514789327508
0.26616605232
0.397960853338
0.594782867645
0.680669708399
0.39503010775
0.418713748729
0.613155322949
0.68139247262
0.660928723614
0.407924322848
0.610333916247
0.552858359584
0.388212244359
0.48036508732
0.514987231875
0.307993779526
0.420326566652
0.55144002987
0.445588977514
0.253617125608
0.431035123691
0.764833084565
0.744473944404
0.63165069637
0.58109811379
0.599887594927
0.336264826624
0.523237639405
0.436016914221
0.566438844402
0.604259648679
0.424452594665
0.575678073859
0.492650095478
0.312409594573
0.512085641458
0.379448356336
0.450118605523
0.468732930245
0.485744657172
0.436014313061
0.484566929151
0.413111470355
0.350673369572
0.433811749781
0.326151375427
0.593937527565
0.328844236981
0.44726707994
0.471867108903
0.381386027672
0.618136055998
0.712259778093
0.681652190382
0.472349290801
0.433228246885
0.535023689146
0.296098915301
0.635601677788
0.381241568417
0.345498365917
0.622572885593
0.482510393946
0.474619401951
0.314860270406
0.210687786138
0.766827854054
0.522463902979
0.684488687685
0.577788989392
0.83280541876
0.58131571197
0.663065670282
0.413652422342
0.546584670967
0.275312221097
0.342340790831
0.61585457936
0.362737861896
0.725014961505
0.631856416947
0.507470605987
0.688036144889
0.529979166806
0.223370052171
0.314802880308
0.569817482333
0.562131663849
0.334564799699
0.381808702105
0.610892070393
0.585095541546
0.540353345799
0.367762600766
0.481566733811
0.48566747491
0.586799081174
0.615246009544
0.539250458651
0.729277833267
0.701119268713
0.891791535125
0.638750236729
0.639955910439
0.426963028242
0.54284940153
0.62308990721
0.521571980307
0.435240245091
0.41954056684
0.375822496193
0.355355212322
0.413127885474
0.333123421931
0.384726381947
0.625221145976
0.510273074996
0.319678605519
0.604561606489
0.494002406856
0.351512466136
0.215185056416
0.507385660268
0.323856002692
0.362157882078
0.409112693126
0.484074150909
0.642351552936
0.386833240146
0.546969410826
0.458821851964
0.679802171287
0.458504651311
0.407761612159
0.426635584352
0.657756964775
0.508565918698
0.561748042117
0.57266249964
0.581540352682
0.620899308469
0.316310206485
0.670289286925
0.36316476723
0.657929713358
0.604346226952
0.586180242482
0.645419307573
0.397546964518
0.340513786577
0.45081690363
0.339468131603
0.663706673045
0.66637582603
0.693009048668
0.568838353828
0.584857016568
0.512067110113
0.466868757687
0.575913896504
0.462941332496
0.215926801857
0.452750380801
0.604340294989
0.42665853361
0.421563751457
0.42426041928
0.700558343967
0.454280589851
0.638722408593
0.418644294433
0.529802495302
0.500358649825
0.62366785338
0.516311671087
0.624114469297
0.558736542127
0.608104235923
0.542354561093
0.621903466703
0.381114854027
0.370476375544
0.398297169355
0.42042577129
0.43940356059
0.680948619917
0.398757028112
0.451230592621
0.637197335824
0.24485945168
0.568792554398
0.257377782174
0.374138279386
0.34069532563
0.537655354047
0.520994877944
0.466132457302
0.615842368043
0.597189456764
0.686615566512
0.574009232128
0.569782191533
0.561404979868
0.53960776693
0.598750306476
0.41292582627
0.315455687382
0.249396089711
0.383542449127
0.64971659769
0.329647963648
0.475319212687
0.368716898444
0.440753245282
0.480934504116
0.631954251051
0.490325852174
0.539370428092
0.584129940397
0.688297166197
0.609070233781
0.591300316372
0.60459765059
0.349758043913
0.302742704185
0.320352754194
0.648342419401
0.485025037998
0.661805327509
0.496754125204
0.489042824543
0.455176692932
0.436668154895
0.290287271614
0.658168029648
0.642837684858
0.427535985539
0.467625150803
0.326877888904
0.55592418036
0.669734042186
0.425697944421
0.504819414646
0.666264816058
0.484531597609
0.41799928617
0.561569644568
0.655340118853
0.489947391056
0.464016215027
0.320633407173
0.502067012031
0.331469915313
0.239730275257
0.548624929276
0.521912650904
0.575428115352
0.45986176455
0.434575553976
0.364638801751
0.503679431324
0.425969602442
0.671367088925
0.424890394498
0.534603844938
0.551944880216
0.40625389489
0.495338487972
0.476980752787
0.690249499575
0.743230892858
0.614864228355
0.568677263499
0.292667143829
0.452706815729
0.582105104427
0.406095753299
0.466384213965
0.500292490756
0.488823892948
0.564247473889
0.605955044517
0.519824412587
0.547408823664
0.511639267964
0.530537017412
0.497281432319
0.458092132593
0.451404484386
0.49103397584
0.642435125936
0.437426571359
0.687162462881
0.606451464978
0.465898236152
0.723827100924
0.598388543938
0.404840023139
0.628629185737
0.63990689725
0.582869723499
0.691989758863
0.436748928507
0.594266254446
0.45241851317
0.301359194679
0.392828034994
0.489015653347
0.708001677213
0.664177925706
0.460476435262
0.288867264672
0.509059445179
0.509024533811
0.458073590052
0.533892700436
0.590803791277
0.661504576067
0.802546119063
0.452448695151
0.513183170656
0.290034488295
0.548267131532
0.369519410127
0.547673632166
0.390340022189
0.579483776396
0.352652468538
0.46277431421
0.632826421906
0.584569647798
0.415779729748
0.726515685765
0.439180515764
0.354162054182
0.556983801403
0.568639481325
0.561305871399
0.595051036878
0.680448307808
0.534306433572
0.513711082783
0.610080809973
0.542636525704
0.597228916852
0.541918576385
0.608619457177
0.597421520884
0.650120645755
0.453913587133
0.50359969775
0.407365377785
0.242328629382
0.61088825205
0.409316546952
0.662369503964
0.560410604372
0.649727546065
0.53953689402
0.425015492394
0.522165782323
0.628477698016
0.656713538035
0.340781573774
0.525235837939
0.570674709355
0.478504010522
0.426276071824
0.479582519844
0.305015533306
0.250930569585
0.572343008206
0.592984104204
0.469893147185
0.509460005923
0.342088719294
0.511803816018
0.683502443186
0.66732259743
0.808344807479
0.641302288686
0.363055554693
0.603083086115
0.561619941138
0.460563025866
0.362789365359
0.440169298016
0.518119363804
0.502181316012
0.636102853755
0.687501472553
0.614797918722
0.456166117805
0.395799521085
0.466181262786
0.538863715735
0.485003151609
0.354643087343
0.591360328155
0.428345729819
0.656547273866
0.568879682187
0.59375118127
0.259127528142
0.533745452364
0.727445984844
0.47461225771
0.611450949153
0.366644362952
0.485631394438
0.304561976105
0.673895168584
0.590630815568
0.564216414373
0.591453956642
0.360916969747
0.520185187936
0.390439337641
0.511533137153
0.607061691079
0.544997787562
0.501324733296
0.428615813674
0.617932121066
0.656755025298
0.559608616988
0.679719259972
0.500181868536
0.381017539062
0.456040204392
0.373605593368
0.635317734333
0.502379476331
0.579128830335
0.48155869336
0.443547537798
0.601439713375
0.599602884417
0.66507390286
0.380723748161
0.536508126169
0.44530036721
0.381130594447
0.258998078058
0.409799493402
0.408696185364
0.432041910525
0.460122105799
0.458864145325
0.371272663845
0.836388068271
0.83172563182
0.404157980864
0.54472469534
0.399412499589
0.741775149602
0.734764547139
0.653532940514
0.589028516873
0.50375656813
0.544237708499
0.450833862282
0.733673755386
0.714341006455
0.718938734508
0.51397148656
0.560567740125
0.407437674131
0.629693409124
0.347906696409
0.477394692467
0.658309052093
0.554454274295
0.590226089883
0.581345069944
0.484866013324
0.712474203597
0.526387213736
0.409157372712
0.669658285619
0.545139319161
0.508660082836
0.312573656734
0.525124183685
0.332694552038
0.400276216855
0.213647063626
0.711503382437
0.532015403814
0.370848623366
0.489436084156
0.735407764756
0.436421045577
0.571939011371
0.366841452988
0.478861471678
0.599202234233
0.520688360296
0.671034877846
0.481238781608
0.554488345205
0.823694184681
0.65208881009
0.596748981961
0.417372524971
0.679533479992
0.441681210869
0.410500137779
0.392880259885
0.300670804211
0.481094745844
0.720156754285
0.546151802916
0.397791135736
0.53339262983
0.671925728393
0.486432784479
0.6087472714
0.5857574966
0.54868085173
0.329621491392
0.650497721587
0.575208271653
0.605882530343
0.7326591299
0.645912473058
0.419284279384
0.34814843832
0.500168462215
0.468286492852
0.474406867383
0.577092919039
0.441248370381
0.516765567467
0.492431029819
0.435467746425
0.566307454363
0.506618712837
0.39881756304
0.326701719395
0.358970083126
0.44999075732
0.334042417283
0.327338832318
0.597123148863
0.538573140235
0.230498859362
0.59571350655
0.633710279527
0.703102359908
0.506371465505
0.461247277513
0.268027735634
0.505318490821
0.537592112055
0.472320143017
0.611171249225
0.732274069673
0.611459073525
0.772769065705
0.456204149723
0.555922868031
0.314844461172
0.703407314377
0.69070947368
0.674879514338
0.529751466839
0.508573275487
0.460278153153
0.724760139354
0.497854565294
0.614637438177
0.512524151033
0.526628422641
0.50199264317
0.570857193059
0.698315228345
0.432017166751
0.439512436062
0.478266146977
0.609862278175
0.288995287436
0.529269875628
0.474240282614
0.478176592098
0.759009117495
0.681110286941
0.491211221625
0.489253047129
0.437255026948
0.609159051562
0.676650500336
0.602522846679
0.65637071097
0.670628804964
0.44321131883
0.651650734834
0.594199565078
0.796768035056
0.652306732477
0.487909561684
0.442271403075
0.546397046
0.581273055332
0.571117891189
0.283155255654
0.449120220285
0.325111852503
0.394018461129
0.225903496331
0.391072526202
0.425411692829
0.410990278832
0.421273140538
0.692130754
0.47500862606
0.408182775524
0.65434242706
0.573101152806
0.514032534603
0.628123574385
0.527939816011
0.627960969064
0.527468219815
0.586229655781
0.614979053909
0.533304735575
0.468027928675
0.389874329634
0.444037139683
0.716616281618
0.802401077941
0.743676178548
0.567202207895
0.539238790912
0.555814045248
0.357880872255
0.488827447028
0.603396506972
0.486464119605
0.425953429005
0.574245537772
0.5178685309
0.48646590575
0.736007664107
0.460603504775
0.712620614335
0.493190385441
0.510553471002
0.727903776904
0.4281489132
0.415028612094
0.35417958041
0.521265599791
0.467834394717
0.498004160039
0.578623170316
0.480866629555
0.609909412124
0.390797765198
0.485848743306
0.592550060147
0.571403569577
0.516657901603
0.574614267931
0.623875418851
0.584219143983
0.515554724301
0.495826762769
0.475574097556
0.40105487041
0.565681977524
0.558987657064
0.860598736353
0.727027447212
0.709437993186
0.638562042477
0.636108454077
0.472154043116
0.522156641795
0.507665686205
0.610131076796
0.54654147387
0.784384993616
0.877159240901
0.652603109551
0.584773547501
0.529900069561
0.330119175237
0.502788872534
0.447593492703
0.395283772623
0.520433638573
0.626543491052
0.43578550871
0.315394190737
0.578559736722
0.516788657956
0.500875800691
0.614110202346
0.516423744449
0.747617958532
0.628254789225
0.689236074697
0.532141825448
0.583041497023
0.393471412613
0.606743616144
0.50128004867
0.518323824026
0.60778907177
0.685480449991
0.25708706214
0.67552375059
0.635246434227
0.406611174854
0.683083880304
0.549423925755
0.631050445472
0.748500963212
0.697242320481
0.688181355271
0.47526185953
0.470662587794
0.518304314731
0.345791673567
0.635915200354
0.518100243067
0.427022031229
0.420756766884
0.470013644783
0.622374789081
0.596903329611
0.479168667124
0.426914996974
0.354527704345
0.465716453121
0.37111003145
0.422191558052
0.464844971277
0.496605631554
0.647114761449
0.630735198057
0.60357197508
0.619210937978
0.68928529391
0.727120777921
0.587653622762
0.597735261045
0.725592128141
0.389413101033
0.534448415804
0.807320648958
0.510210386117
0.624412586585
0.434278555198
0.488632017443
0.30788064158
0.475168575874
0.644821978663
0.441057994659
0.480614958242
0.349628788443
0.388940134826
0.288375010284
0.706603670586
0.521268692917
0.449448852667
0.609298112956
0.159825648839
0.311264528595
0.439207225565
0.712436952442
0.716430943553
0.487028264283
0.520765732383
0.416213436929
0.548830637824
0.584965020916
0.620256135017
0.622886427275
0.64439483935
0.51749963228
0.578109908161
0.613621137213
0.324211761762
0.601167914659
0.662421457266
0.528917796277
0.573381631323
0.472441342316
0.547314889129
0.477625290101
0.44099681385
0.597182790208
0.5036159281
0.504804604701
0.521023233149
0.356392753255
0.706128358005
0.619915544202
0.720433018201
0.351694285411
0.365508062582
0.621728649891
0.690625049359
0.414917143965
0.539698215825
0.193714106235
0.264987725882
0.273500447444
0.565924180871
0.634903087551
0.63949007617
0.551515281449
0.711941612586
0.54030081126
0.637835318746
0.655455615197
0.50191805172
0.535894035035
0.23779787432
0.610866516452
0.508358707727
0.632683674964
0.620990933898
0.617841557991
0.611123914441
0.668542804151
0.574770806387
0.603469295949
0.597653845668
0.389099653687
0.544400884805
0.48589157005
0.588714926773
0.530965270088
0.67993435356
0.511726248075
0.241939526483
0.636976599068
0.418959368644
0.403161290647
0.459769256319
0.385107511361
0.594096636354
0.674926766671
0.514982820545
0.43411300217
0.534886821509
0.656723069758
0.645947555891
0.564666247547
0.436514905656
0.392503010892
0.543965789852
0.54490723206
0.507052122517
0.610906010074
0.672089516738
0.59594639772
0.49916603881
0.624959487238
0.395271502285
0.727744906803
0.602399462437
0.510398652096
0.663553241612
0.645802305388
0.491988349715
0.403546102469
0.575362694927
0.660854634891
0.49186015712
0.653348280766
0.6162834338
0.549950175632
0.323628074313
0.438008921116
0.56839772462
0.453561283607
0.505558921775
0.348181741387
0.480761312005
0.532910724638
0.545781381483
0.609596656863
0.592912696947
0.494753784995
0.67247275476
0.627057700806
0.496842364977
0.604690790051
0.404228762496
0.390656192807
0.581942397717
0.675361629466
0.388363182444
0.486782085465
0.486093060769
0.586917763499
0.475270009219
0.435168410427
0.401702543443
0.554652112438
0.231825292272
0.6332585959
0.50837744309
0.607118351224
0.548553346721
0.298359569498
0.427141678863
0.55109699936
0.495555726816
0.766878725533
0.699221083585
0.70420303356
0.403583742879
0.631791588453
0.49115132498
0.489108597573
0.632590132431
0.518217399331
0.410635804489
0.470558656952
0.629833414388
0.568673578846
0.639779249901
0.657368947206
0.464296756066
0.496425685335
0.551583461628
0.643132528148
0.549851970687
0.200674877511
0.575456644412
0.540796759232
0.400418819057
0.523302693874
0.563289373377
0.452375826778
0.414177164379
0.644524185332
0.557068996321
0.504854030259
0.708600735551
0.606352388264
0.71909399405
0.485258927969
0.474834477244
0.410811365208
0.616807699828
0.599966684101
0.45445044036
0.674841948032
0.511004928069
0.349649470469
0.264671216783
0.546661196591
0.469749454229
0.435750610161
0.56027674571
0.58290308228
0.637855404506
0.588647263739
0.656168609108
0.29363627803
0.491098294133
0.65406276995
0.530328090477
0.747724077362
0.642034580222
0.362188991985
0.481677739562
0.599072118257
0.714688034741
0.677809614917
0.588498840201
0.434698794807
0.500512046981
0.662968674001
0.395188210802
0.637397754176
0.737493205086
0.484313913371
0.656880646412
0.515025877653
0.663273967209
0.61125309696
0.67563239167
0.416540332803
0.541830501219
0.471331372377
0.447548663717
0.439640460016
0.531505032953
0.647593639925
0.318050940083
0.407519799474
0.394876500796
0.59420449194
0.674204534555
0.709046066985
0.633526992355
0.791767447071
0.690857111638
0.480773788225
0.678348120295
0.476033423791
0.653994462207
0.584361035669
0.557013832223
0.613405917256
0.549430551186
0.402866620892
0.574237590339
0.665284632917
0.74989573263
0.364490603266
0.356144226376
0.367931868282
0.563582176985
0.738522436336
0.569607110148
0.841322729883
0.595208080133
0.300665127872
0.518867721267
0.509105092732
0.522060465388
0.60523693563
0.578525350652
0.654924408054
0.528478253841
0.439921825814
0.410945273403
0.464520926801
0.593043384205
0.46801716303
0.512453197075
0.582799300278
0.529280895813
0.5827053875
0.346121516853
0.65819138446
0.70117009601
0.622627213637
0.527135818996
0.640947118752
0.602949450933
0.673712675099
0.62269543908
0.698285041587
0.488389629813
0.448115448565
0.549708597588
0.37680104637
0.560084531046
0.430818906186
0.386968340336
0.222917780144
0.324813244849
0.596621978918
0.535418599507
0.457144655332
0.571598669219
0.646046278758
0.499071060286
0.547976401158
0.5772503453
0.703795751858
0.415367657192
0.445916989477
0.557637017824
0.329828829975
0.528104732474
0.277954444859
0.432024269179
0.547958929851
0.475001351019
0.578057234252
0.672274267807
0.615216889976
0.516401928304
0.473662913967
0.335311078988
0.595044743693
0.58964109155
0.525377052413
0.511716194887
0.375134842047
0.21930010991
0.593767890218
0.551053201504
0.532179352283
0.639144012107
0.383922539895
0.537348530054
0.602211132766
0.51849582825
0.546832449306
0.629530732549
0.596232196573
0.323923991626
0.433473894647
0.683472434212
0.568122692946
0.508494157493
0.286892757785
0.426132514442
0.351727633216
0.344715353922
0.446363012597
0.34950714323
0.628727424411
0.457332309796
0.570945479935
0.452225580696
0.54795548126
0.487348202979
0.417268282344
0.692660773721
0.654738609943
0.493296702878
0.478413083735
0.421294175666
0.445521278784
0.506007083639
0.469536824077
0.394935701926
0.475031280801
0.527213792082
0.498910171639
0.295631953439
0.257077287487
0.688358771821
0.431994097961
0.535163250513
0.37290723762
0.574546046262
0.552629240761
0.599968785486
0.524215633477
0.560747320206
0.632607478844
0.612422956191
0.420040941335
0.452905071089
0.598205621858
0.501238493241
0.316034565747
0.397766174308
0.40837713193
0.55443399574
0.421238352793
0.393259179974
0.453413816663
0.569748891496
0.59443246074
0.524248040516
0.43833973311
0.520482550923
0.739446180517
0.417410822659
0.445910376354
0.572296371629
0.492481033303
0.507588205552
0.54579835447
0.573722542039
0.522320899369
0.487750190489
0.631125485679
0.52494864207
0.334213928177
0.328333384779
0.341625824643
0.455787418296
0.467122510444
0.476555628474
0.500382568095
0.605128893895
0.480881530136
0.450134695889
0.449522832829
0.815016410695
0.499742703389
0.381872853329
0.378516643298
0.621655294168
0.389399467444
0.516647434039
0.596353991573
0.250677722371
0.394256404826
0.546461366043
0.698699311241
0.661208799523
0.56088067446
0.610854781885
0.454617118851
0.581776902879
0.577497661392
0.48918996512
0.46560134623
0.836706924039
0.715034591964
0.776304148762
0.468431474315
0.576585280218
0.391660173508
0.53765654112
0.582762021697
0.33262783131
0.603229044419
0.683235977842
0.584536619985
0.524529029909
0.374854204449
0.529799081002
0.330677209876
0.369645137729
0.661042511448
0.30329372193
0.755754278483
0.654518992334
0.543626382556
0.351254916571
0.267037339268
0.224677772248
0.327535369555
0.616267774641
0.590111192785
0.486843478385
0.429649541022
0.588258159358
0.661711333634
0.480805268571
0.584839295922
0.301812051458
0.417452519305
0.526637593319
0.37214180818
0.43906070428
0.531473551358
0.553110077986
0.742383331962
0.695800383461
0.487081139163
0.78905165997
0.649686269747
0.531763702967
0.430841334636
0.657910228034
0.568809084327
0.563572665159
0.642545026224
0.552316399054
0.602835765128
0.807495896779
0.625504880183
0.504437656995
0.530295028145
0.60528523682
0.390773977055
0.761305453285
0.365432955347
0.363450844449
0.347997594496
0.373943294573
0.336296486268
0.576465504734
0.417542613452
0.607259826359
0.57754139415
0.573257481378
0.404055986087
0.674501415667
0.614437910369
0.369674895352
0.391667618014
0.463035536953
0.55486995764
0.45472705153
0.605005169804
0.576836763237
0.473020836484
0.656296170164
0.459837772869
0.683738332785
0.648019213157
0.511108829292
0.492028521995
0.486192953061
0.571938395892
0.595660069198
0.478229262012
0.55247054049
0.210483710343
0.458028922726
0.416501909469
0.803446790771
0.471156797849
0.600571504813
0.225955881411
0.296706092147
0.395236317567
0.346483637188
0.447664623282
0.422118485281
0.368573806113
0.645818299274
0.766971507569
0.642070220649
0.666609184198
0.645102827906
0.672277633596
0.315893967262
0.507716952287
0.680078187174
0.662540904476
0.619947748099
0.363676115398
0.617856308694
0.520989516981
0.577939919992
0.564158249101
0.628351948231
0.279330228772
0.536503878664
0.581705567228
0.598356088283
0.405250233755
0.4473183322
0.588215319472
0.463192883348
0.691794939521
0.317601056175
0.439299047846
0.553320971978
0.590321224058
0.503145244605
0.53433121167
0.480661578715
0.499943770655
0.509166527253
0.393318444379
0.486804056145
0.613120361431
0.379980669502
0.33024163353
0.596647821581
0.307892147351
0.740020598473
0.153025738749
0.733612598591
0.324891819931
0.541343025977
0.58024230109
0.506373818154
0.512142607132
0.385847209764
0.691521294353
0.452036184293
0.47451168374
0.523522815012
0.46894498523
0.494942089081
0.548447599636
0.440677992777
0.469241782862
0.596023173149
0.613275095738
0.455601580944
0.518349261275
0.693589312468
0.388153276702
0.435963578684
0.551010851875
0.501805014291
0.437085605353
0.623559393543
0.870487959031
0.566468234174
0.419196432024
0.342573475805
0.544871838765
0.449292271688
0.481604829407
0.531136204411
0.648693512565
0.441661741198
0.580697915255
0.563181127721
0.581068217354
0.439329570311
0.671483670485
0.633610438989
0.718576376057
0.542781460307
0.631886161755
0.727480405727
0.310030115212
0.681378444709
0.263293527797
0.474660443905
0.452369491543
0.657950705759
0.584383567607
0.36779994144
0.441460944065
0.439469261088
0.508373959936
0.504875383066
0.561830932002
0.468874717109
0.393730631377
0.42528873881
0.500824204372
0.214216932769
0.404133670029
0.410924770426
0.501038149071
0.621150135631
0.437870750717
0.498527324357
0.545705799166
0.431957290375
0.501396537919
0.444158638344
0.436944416736
0.49025803185
0.673471181734
0.609765476283
0.530753707242
0.426175085789
0.539698699915
0.677743149213
0.377935169213
0.331133975564
0.534283570903
0.449764089716
0.540546282552
0.43672336149
0.490768258619
0.778011030095
0.622758190731
0.625545997991
0.489236443238
0.650112972929
0.506498444861
0.690031372973
0.352443573773
0.336301612997
0.501399017233
0.532104023515
0.379823241032
0.503907344927
0.448925179713
0.497844180651
0.5101008636
0.473724158832
0.533845840543
0.535658152818
0.61244030086
0.43734398991
0.731594331007
0.4736759992
0.431858680654
0.634885296305
0.423517269729
0.470428043085
0.406670295689
0.467455947212
0.515258996319
0.625166136143
0.549623392342
0.537936914722
0.589795726734
0.55642730648
0.527047491701
0.505607704242
0.366125588811
0.500290160987
0.652401104233
0.334471227536
0.214185013974
0.420340092358
0.506043197561
0.66385099305
0.636881897378
0.591704604858
0.532397510344
0.451834777099
0.601040781111
0.460702674457
0.790772959634
0.655647901867
0.597776932596
0.652900279318
0.49565061362
0.382320963073
0.399563670394
0.694658422887
0.692061694958
0.404547763825
0.41977121292
0.685593925767
0.623765016718
0.500098246924
0.482999187698
0.640753035656
0.504783277241
0.565646542994
0.551140157196
0.614780508427
0.390380293426
0.596319583506
0.46485280743
0.362122848905
0.545114949879
0.705081317346
0.391692818634
0.556290931782
0.434321985903
0.447058964865
0.444554956693
0.675574761303
0.598180645577
0.612698783981
0.438862912959
0.319099192738
0.616492356423
0.581217186853
0.636984227163
0.489687200247
0.570470849654
0.754613794268
0.442346303643
0.384306645748
0.538414488814
0.392922317445
0.409421052419
0.423074028207
0.486848265254
0.658607289499
0.659130868644
0.519887188329
0.446016612549
0.271942706514
0.740490748717
0.648781529713
0.43360537491
0.759102804666
0.510556993395
0.673453864462
0.325906646613
0.514141807954
0.627166591578
0.499211587482
0.287219189712
0.457677185646
0.383285622888
0.504893711506
0.530430226747
0.382502706165
0.566174920132
0.571445518602
0.502739417449
0.749804177962
0.662601086371
0.422081670081
0.366879741129
0.343369325948
0.574011291672
0.458781627172
0.479510991061
0.685414728385
0.633338168527
0.709989227438
0.781604808908
0.540121583458
0.736609867639
0.678628341051
0.572792126763
0.411246875627
0.514508744082
0.624152015874
0.653455372727
0.675795416123
0.3639873309
0.529166584532
0.587415310282
0.508519585091
0.311187115801
0.454460483353
0.598963429033
0.526658743391
0.559320212707
0.411098752654
0.523148377768
0.561304756039
0.752016468469
0.60963138261
0.331554792628
0.454520796014
0.537513965005
0.582375442791
0.651000854333
0.467662675507
0.35028687768
0.489419850307
0.452807162218
0.331272018649
0.602804312399
0.537937458246
0.521034114096
0.552750351059
0.492689708159
0.456363923996
0.706156480309
0.642698825925
0.649592232938
0.429921549358
0.341942246462
0.641567224913
0.665813100674
0.438887569601
0.605466465784
0.543345760449
0.510574537449
0.545133036004
0.533761950378
0.397978248821
0.455516980239
0.561743467798
0.367477881395
0.678246873611
0.578083455044
0.718646745669
0.629051685425
0.519134340659
0.654212560222
0.568583908007
0.77201353116
0.612358138403
0.389924760676
0.417568458443
0.596443563261
0.445635253384
0.407308379943
0.517471482294
0.462246503644
0.333244963081
0.324671331743
0.313188706525
0.483915132521
0.730334177303
0.525406483492
0.615117600031
0.441482286252
0.520327222938
0.676795717962
0.606799328485
0.70795464691
0.75214924443
0.600088855455
0.495671604749
0.443462894623
0.535164390206
0.539971680333
0.22520742013
0.443328008368
0.282575095849
0.591448943882
0.662628917406
0.54190698809
0.544957844823
0.488471223189
0.551794958811
0.65366873668
0.445275548563
0.299354924838
0.585146861031
0.763305812107
0.721652677242
0.7089041379
0.470279785896
0.576904622681
0.601160626193
0.56015138443
0.664819752403
0.535917858035
0.609864972416
0.564484509156
0.470950299007
0.68331280413
0.280536536813
0.32182440632
0.596019596415
0.556818854417
0.490718417685
0.534725703615
0.591468160318
0.718914259449
0.620471458741
0.565272020807
0.641875275619
0.456889727526
0.506880314525
0.417362889034
0.398351060091
0.622278234253
0.520738852065
0.355862972337
0.730062968932
0.658545195942
0.39802659315
0.547730084612
0.38115860505
0.612155722664
0.585331824007
0.498287623645
0.52443355483
0.491250688982
0.686933737789
0.565988354312
0.386394937044
0.560457495302
0.540865811553
0.415054561326
0.62650889404
0.565666936209
0.823312990229
0.587494863468
0.546319109558
0.52334906364
0.494189412983
0.535309857285
0.410489071465
0.718758884703
0.556030293908
0.627392729424
0.407512242846
0.520047188133
0.538630469328
0.478282901806
0.537791205804
0.56010309386
0.53105224555
0.560584538205
0.554150727127
0.286848290624
0.632922491615
0.839125734718
0.619471203127
0.503351277367
0.630114441419
0.579763180271
0.483469296415
0.48770205629
0.619712032947
0.23008689057
0.609689871431
0.632616932701
0.544522691297
0.531708459368
0.51618403882
0.519524580493
0.791359519228
0.334876737657
0.488119497321
0.463878859844
0.566951243928
0.527113879255
0.673312670037
0.729344261222
0.743156836915
0.712291247003
0.62233296357
0.506696495752
0.601811286689
0.575938788956
0.44206385608
0.438418846629
0.579256562254
0.580398488734
0.514717778934
0.449074352768
0.395990125659
0.49329621307
0.631614221221
0.615507795509
0.560240100962
0.723759698828
0.67099049708
0.488306268563
0.562067055787
0.602308888649
0.444178585875
0.472624098775
0.462548152333
0.670878455699
0.66805807071
0.352807250313
0.399902025337
0.541139576683
0.591629583745
0.560587366783
0.52332805701
0.479569315296
0.483909718133
0.570453685697
0.40741970634
0.636417121273
0.527835183896
0.647655107506
0.534265893807
0.543317014175
0.564785146183
0.324541535493
0.53095945859
0.520336728079
0.542304015998
0.578226467108
0.596127741386
0.422896172042
0.34044312501
0.701768577741
0.677298179435
0.6676127514
0.720974669692
0.718773483941
0.49860853165
0.690260193504
0.50176771838
0.548616616105
0.717097667877
0.666705137152
0.640058217382
0.68590110182
0.48669975268
0.408933778329
0.372255331223
0.428114961413
0.258668370924
0.394932754423
0.609686937351
0.530157703748
0.605134195126
0.723273909839
0.679628842846
0.655212823487
0.596653399669
0.661863689133
0.564542542181
0.510101547382
0.327068915279
0.403690386723
0.477340029563
0.538118554692
0.369333146879
0.497774586825
0.568533775144
0.50598636649
0.594747984981
0.447223944187
0.54151098988
0.480993956154
0.542821147301
0.538454127151
0.485070077352
0.502189640659
0.432451327007
0.533595147016
0.510944389607
0.525304400047
0.458212065247
0.477829537286
0.597776653423
0.803207575903
0.553174705587
0.537453666282
0.614222952949
0.657791382299
0.697960972029
0.515937245138
0.348501421581
0.607078703712
0.433496000499
0.295643711125
0.711729392533
0.65522017168
0.5196588318
0.53411406683
0.603060767651
0.415818461114
0.53320967701
0.670946297701
0.601003717551
0.665291702125
0.427511628703
0.699299999223
0.496549397692
0.5412762502
0.503679108462
0.370222860081
0.425803024497
0.384111228632
0.403347200549
0.433084879659
0.409458083364
0.659042397536
0.430708041715
0.37528009643
0.49586198691
0.557023736185
0.539961886576
0.520404454064
0.575237867181
0.658025866359
0.658419462
0.593470683559
0.644420366633
0.308214674236
0.378459102253
0.594272092508
0.472589771676
0.379012407931
0.595655043626
0.5698483737
0.812620057123
0.413806287997
0.415186261027
0.5601227143
0.505733893329
0.637008337823
0.664346746389
0.559725061764
0.710245612814
0.702063525099
0.601673940682
0.603246211817
0.572480188003
0.61298580885
0.487642332621
0.616328038593
0.327813520004
0.492513593185
0.552962355968
0.465286193395
0.491267288903
0.486914228722
0.558486792611
0.453216605121
0.291329577121
0.541106079514
0.310626362789
0.618092769527
0.35779613066
0.597327690084
0.550191929139
0.29613657174
0.356348213802
0.615769489033
0.525998394387
0.503806878777
0.708454121887
0.567890687906
