0.728590105237
0.928212362831
0.883939065666
0.903507876544
0.807718213514
0.68547923009
0.952896433738
0.943652438944
0.802107028208
0.879346374157
0.832792551164
0.832605579155
0.867682533866
0.794502270313
0.83712380842
0.73146813309
0.900627834388
0.815140189928
0.834475215465
0.782503688427
0.774484179356
0.898016150964
0.852523187004
0.779228711169
0.767304610754
0.786124412318
0.858650022712
0.802820345539
0.758383531851
0.83373134644
0.760536755814
0.841148444185
0.749268424933
0.884873001765
0.794928888194
0.835757151465
0.844337309238
0.767597845668
0.833292040836
0.865045209854
0.808935172343
0.872960609515
0.75777138433
0.719395597545
0.712563486147
0.650566525231
0.860346305472
0.77487197573
0.884104780195
0.895078675436
0.802863370258
0.823671298169
0.761424299735
0.820964000188
0.799787790572
0.811985768662
0.802617918911
0.86340959508
0.797370853349
0.721337040524
0.743243232427
0.830538662765
0.85055404449
0.881630877103
0.884815309929
0.850240455913
0.848238750712
0.7723032614
0.832975868546
0.786966375299
0.689453654619
0.918395258868
0.712204393407
0.902946450601
0.910423452193
0.902445451562
0.826463895595
0.878871801536
0.816148560226
0.798181487612
0.754790976038
0.836490742273
0.812098085402
0.81557385465
0.767534601028
0.8046659561
0.733055834803
0.810391029065
0.796403478782
0.652477736648
0.818688311914
0.803273435225
0.784945955271
0.797703765106
0.787994149427
0.824521374373
0.787966058706
0.751240307096
0.844454227064
0.846056686391
0.777200695227
0.912915412132
0.688952293813
0.862388398427
0.889373195648
0.879788768759
0.90837235774
0.760349758546
0.78110153873
0.688289566045
0.760528723607
0.90720541795
0.754785678872
0.708407553658
0.769067933046
0.813008772002
0.865825633151
0.85219428916
0.892706304785
0.844078279842
0.785765777899
0.800544147047
0.735259542012
0.868856243884
0.828347493397
0.845835701211
0.79110376491
0.762566299252
0.816132670285
0.87975782115
0.849027505246
0.836948539255
0.665691355274
0.800035893282
0.861789878862
0.79023880293
0.800331590959
0.798743283029
0.800308556117
0.818031294968
0.912221214626
0.654559404259
0.853147747023
0.657792772166
0.822237074722
0.795600885713
0.851062970169
0.74812520586
0.824897027743
0.792748912081
0.838962992785
0.754972708337
0.688075980772
0.823783340424
0.759320778965
0.908924555291
0.796977356816
0.843059293619
0.688150550221
0.882843438516
0.74746958729
0.930543921355
0.772011342515
0.830030071054
0.920125447946
0.922170465587
0.849380428826
0.738033310672
0.66680024429
0.687855827608
0.727853343586
0.737196571482
0.80057365845
0.894730960014
0.79612417363
0.837551892144
0.924466393785
0.870080461504
0.837988602746
0.777244086368
0.72005007846
0.699543703385
0.810029338009
0.869415649049
0.718603128455
0.820732465002
0.891808676239
0.814185105942
0.846356213356
0.829045463574
0.783152959324
0.68519773735
0.849197234412
0.759285091439
0.857254094574
0.938930870207
0.696319928661
0.73323754846
0.742609871423
0.84271123895
0.77699390769
0.769323383724
0.691660184538
0.719852960572
0.789113877289
0.776798075817
0.747623078735
0.680167085341
0.86367051788
0.701786624338
0.768898230941
0.721990392448
0.883748084478
0.861469588322
0.777043647888
0.854301405928
0.902549985822
0.814699061392
0.816688357874
0.871710940956
0.768489253818
0.805001206003
0.754036256788
0.790909175484
0.765795156448
0.759344531074
0.815814632879
0.853169436723
0.818358814623
0.823293752946
0.80932787637
0.836507186821
0.853390351056
0.809147171476
0.847410879841
0.819172953892
0.726582785952
0.777782986939
0.716113576335
0.817537439038
0.827714881506
0.933171986995
0.860793241391
0.761256691101
0.820059187356
0.798434215719
0.760513627453
0.816549188069
0.778084507648
0.800597639185
0.800528788523
0.794424139264
0.888490614297
0.914641503006
0.832131124419
0.800259150793
0.722642139517
0.815103996697
0.706276128123
0.825447409931
0.787140922626
0.829989136764
0.802626484192
0.787020543817
0.757778280368
0.860171540292
0.847961334233
0.714554807435
0.74104445752
0.922042875347
0.881248449571
0.770063684286
0.861831359645
0.659373242212
0.77304047568
0.8167083433
0.83755060537
0.81321570363
0.779065141849
0.730040845093
0.837042382979
0.808985848107
0.763139379406
0.715432858386
0.877993232739
0.872289319492
0.921258558753
0.87332211262
0.853001324504
0.83167127456
0.751017388363
0.696532582535
0.873478604278
0.852563483977
0.907115666805
0.801357390537
0.827944903912
0.792694451828
0.77086197088
0.907370141917
0.773576206014
0.734462654249
0.711652870091
0.858477626051
0.775752258131
0.746508004309
0.887564225096
0.665140575852
0.847677721947
0.825969403491
0.773645853187
0.788650114319
0.872990888988
0.710767552268
0.700031557869
0.741705590033
0.813483839055
0.806543816027
0.741064388803
0.844408845203
0.803707152277
0.647619983098
0.749336204299
0.728511166694
0.806832266856
0.68815239023
0.806779217591
0.887567043682
0.937497531751
0.822049203486
0.754702415819
0.824248738127
0.81544901354
0.771356561912
0.733514789924
0.743090115369
0.876426849161
0.817350572072
0.852841903849
0.77502440317
0.892097455763
0.906867523052
0.860492851937
0.850536730278
0.750543096289
0.821199121396
0.778929486495
0.815995480629
0.817620388326
0.899700699405
0.705624894634
0.797456651281
0.699862290957
0.905263203956
0.803261374657
0.628222533742
0.787396804583
0.715447105827
0.842276398997
0.812687313286
0.768943708315
0.772023734726
0.803828896653
0.828274562812
0.820494172534
0.855387851393
0.727221200798
0.78355313472
0.841692204
0.818049574832
0.728604018268
0.686591890207
0.647346934785
0.660039348236
0.690372937615
0.820730574507
0.881190956119
0.80817638734
0.855574141441
0.775982332479
0.852458511512
0.694635752648
0.752962946926
0.742492783673
0.764180635542
0.761080278521
0.789979844463
0.806517316675
0.903513355755
0.810052442565
0.865098726817
0.879264408049
0.902039875724
0.825046833199
0.830571107329
0.632545753975
0.846078503256
0.655297320525
0.771453182925
0.851489328936
0.791097682801
0.843370529619
0.934459922205
0.89053485588
0.824811533606
0.770061774904
0.763617002292
0.684798305898
0.777518230552
0.777529486603
0.784346912894
0.599070345808
0.731843354035
0.803246769745
0.826610366906
0.850162739707
0.746198452199
0.824137025094
0.754693630159
0.810594453841
0.825582996794
0.856251608649
0.720658756039
0.789459307269
0.752542939428
0.75087985595
0.78485877301
0.780042922347
0.688495693556
0.749550366267
0.70911417748
0.719101294668
0.821235323164
0.843897205685
0.781125454713
0.732234809154
0.765254774559
0.799660158466
0.845592665856
0.784694717011
0.792145055589
0.869090654281
0.844116119573
0.758437059817
0.747705357274
0.753868606107
0.704807678744
0.727656420265
0.863622256408
0.676384885628
0.811991829774
0.727276159319
0.928250377521
0.852437572654
0.922078917418
0.90619344286
0.834874914426
0.838688692233
0.878803779294
0.834414044326
0.850398134871
0.76454458869
0.822780881436
0.792953196096
0.811389876317
0.826564390581
0.769831823039
0.849566335016
0.859373094283
0.861295576798
0.827973508323
0.692699709741
0.827460212115
0.731066528548
0.746554221854
0.854076618994
0.939797248904
0.816470537594
0.784820485909
0.849686994692
0.819153551992
0.82793238322
0.790748373352
0.858084520316
0.858370992809
0.777946783871
0.889869550883
0.84097134622
0.692561388824
0.765276885495
0.850199549609
0.869597345503
0.726876470035
0.865918934592
0.706274349157
0.815410365915
0.798274138028
0.788171775242
0.801087393104
0.815470808927
0.839914449335
0.790299165694
0.826831605239
0.702691863142
0.853337981322
0.879342915146
0.889340023075
0.782879088007
0.737732045555
0.783718223995
0.794461201775
0.898176948803
0.775145483945
0.673045826256
0.751573768479
0.785652095448
0.810271845491
0.731635285053
0.902283274036
0.743847064253
0.74106876042
0.869979292747
0.881106384517
0.859987824341
0.830595441324
0.789666635021
0.72003770563
0.725746273527
0.781707663385
0.763225839004
0.83695663653
0.707528824883
0.813183667467
0.744533673748
0.952619233192
0.852600482615
0.855268361436
0.860301917005
0.867858261462
0.870034555931
0.937238387504
0.704027390243
0.744628715963
0.851090806103
0.750396675565
0.857649894774
0.726671467428
0.755369015314
0.846492112252
0.797154416222
0.8087003112
0.822981139373
0.818902882329
0.785522754484
0.791568575738
0.863634009519
0.803611862931
0.790512561301
0.899589097776
0.740815592766
0.854800131022
0.69604293982
0.762420770743
0.921351505093
0.716070462261
0.883123942755
0.836108252233
0.731250716932
0.726462727553
0.780761176177
0.776076008616
0.863845071377
0.767905538309
0.826682476542
0.853167762221
0.844984942176
0.812164333157
0.727796483042
0.7457669805
0.808984949704
0.818571332055
0.835444370799
0.754813311394
0.844979087569
0.864782889009
0.840590022088
0.823048434741
0.837535708339
0.841038114798
0.823381960428
0.767520163326
0.798078742253
0.73343612792
0.854891187714
0.761039629272
0.773207776291
0.820091336225
0.812094560596
0.799508017307
0.828341088933
0.743350861314
0.760322243209
0.754091729148
0.835493595188
0.793311990961
0.822598370288
0.898573862965
0.925049747839
0.825315562006
0.729398371794
0.888461704554
0.812984022003
0.905882832022
0.899566270469
0.816246396045
0.794497836596
0.732449439682
0.801129486125
0.848105294318
0.822713567056
0.943029865268
0.782100351191
0.8291477672
0.806161251373
0.818890042332
0.811988480455
0.795562804774
0.721831549361
0.789262098899
0.763707618565
0.756716265266
0.793889842436
0.718504499244
0.750477383324
0.844109124573
0.840738539444
0.87065661262
0.831193257321
0.64484078002
0.777952939442
0.81511410215
0.83128632681
0.825225249716
0.880875971587
0.865093173154
0.704395100245
0.765837682408
0.773959287891
0.799932819944
0.839573620794
0.877674028019
0.77584670282
0.817886545313
0.848727905988
0.689884388153
0.719716594754
0.766455717579
0.726757016969
0.785973141764
0.80318743311
0.839477937111
0.821352789353
0.801201699654
0.791331613871
0.732112995351
0.797493362342
0.771766129753
0.721730636379
0.808983842487
0.87183739843
0.793727401637
0.807159078334
0.803911657114
0.776037354783
0.733996734032
0.780422413775
0.851068352049
0.80355619973
0.758319655054
0.901045321801
0.88328249383
0.895826210393
0.70146077088
0.742331865837
0.744616074395
0.836156106303
0.765397148993
0.843778298819
0.762791167908
0.761897881582
0.733156351038
0.869685112645
0.879048559721
0.823189921763
0.832413247216
0.810431281725
0.718139929361
0.825742586975
0.804137028141
0.784260396885
0.855659721549
0.796398860931
0.894314377716
0.828922862378
0.826964230686
0.794170377525
0.810677679522
0.856163050117
0.80839343179
0.837106078577
0.823011891024
0.807258547202
0.905460356794
0.815446636148
0.81270870371
0.793098945227
0.817045087655
0.813823398029
0.814299547099
0.894966283668
0.773835162407
0.803814288178
0.737137385338
0.818203911861
0.851772804706
0.780708880099
0.768235343696
0.810205533995
0.792727841492
0.787554063212
0.825895009498
0.735043196917
0.856835154049
0.712883118685
0.785427581138
0.832001838073
0.840671568141
0.830486838632
0.791212977165
0.888040935244
0.840296535248
0.854993799993
0.807579964127
0.855300417916
0.788094608314
0.891449143009
0.820116058925
0.864607043188
0.778324675429
0.800757221022
0.703387962674
0.836160380415
0.855525372536
0.605876632192
0.834119017056
0.815662341258
0.750815035565
0.734583974837
0.81999058177
0.821250310062
0.869666928933
0.779380744431
0.752294422965
0.928108081968
0.671610603549
0.845101690458
0.767191879848
0.92930484495
0.7676382241
0.934426342643
0.780845914901
0.778470110848
0.632666441561
0.797574840077
0.864041498385
0.786953159985
0.894538965279
0.842796220305
0.803581360908
0.82300301341
0.835818194116
0.769837018117
0.920352660288
0.71897464789
0.849171288989
0.808168115109
0.884007260807
0.809556744677
0.817321631007
0.870355643434
0.775631663962
0.788727084078
0.814889694011
0.791151249609
0.868665563473
0.72714663618
0.929887674993
0.872460013575
0.772594274623
0.785938618344
0.769293282748
0.863029745546
0.768244551215
0.865456259844
0.84795641663
0.873377397958
0.814857112634
0.876195194439
0.692362857301
0.800160591965
0.702097629033
0.82340259273
0.91763652655
0.740426022445
0.80034242956
0.832959980803
0.819572143534
0.77889158595
0.943028635121
0.840628641073
0.732421175909
0.760755335192
0.780167304568
0.824892183305
0.826525848653
0.816481346187
0.810983585733
0.768946320026
0.730170601475
0.864455542299
0.770180871475
0.820560666867
0.656230106387
0.707323897453
0.644914916643
0.885782681776
0.768339063567
0.844381491435
0.771499180733
0.845354458291
0.742734258059
0.72837670925
0.781717162579
0.795759871528
0.866964744326
0.80686607299
0.782920644334
0.608093063669
0.742221082886
0.854184957485
0.773142996404
0.844412603221
0.812900751749
0.750608262563
0.80567005941
0.813701440726
0.831207454655
0.874085954443
0.845457033975
0.778471481673
0.780307603645
0.785549478569
0.762974801176
0.819360732943
0.730714313196
0.61008322607
0.818329086211
0.81727681764
0.759470314799
0.772332880722
0.725199556373
0.775933695099
0.851593080407
0.742648719269
0.734807196224
0.780739519667
0.846531055287
0.754742832896
0.776699627395
0.773431770011
0.777129911402
0.764449930936
0.746489935086
0.717931817388
0.797361089727
0.722501446171
0.719565896926
0.809524649158
0.810538201621
0.862244762683
0.806687523333
0.821426813023
0.840056125617
0.78654518744
0.793365154709
0.764139262712
0.844020279172
0.788346947617
0.839563300361
0.77203148126
0.852507313573
0.823129850312
0.836254215815
0.804733372615
0.719291372324
0.75633655767
0.877370573102
0.866449165176
0.778356643849
0.917841412247
0.732318811911
0.769016236833
0.747552250678
0.820208038872
0.904824349387
0.902786955472
0.896546058037
0.813765731797
0.795780618617
0.819086738
0.649458939381
0.745577849186
0.798813741107
0.760975605942
0.846167033022
0.794912023998
0.791147301757
0.858333996687
0.855204950795
0.840548660315
0.850006971418
0.726283074391
0.835322020798
0.789321416358
0.89544378756
0.861578232064
0.899574662932
0.913577817685
0.802829852853
0.782181387279
0.793825917464
0.93875873371
0.875924911324
0.791671818656
0.84585291932
0.701667956372
0.733943966825
0.79071494283
0.804747820468
0.885467329678
0.899948434257
0.72684939429
0.918041646216
0.745884175328
0.811845721964
0.782416575494
0.756304707405
0.746796995087
0.769748975863
0.748246043505
0.871050224092
0.796895036437
0.789272044337
0.767738855278
0.753090259564
0.8403423441
0.876564680317
0.843805549374
0.823877121211
0.826401795273
0.817742530103
0.799232504639
0.853453359181
0.864173214581
0.899874710922
0.845284471872
0.768018269121
0.858442193564
0.822053074346
0.770985288237
0.79923374691
0.822115531252
0.75786857056
0.759624027745
0.854770956086
0.726624928119
0.789548747739
0.775181558036
0.862178911673
0.90965345413
0.905073170246
0.782318419533
0.766247544095
0.959808144719
0.780329991182
0.810761844225
0.845962590019
0.845150587329
0.85048174195
0.693471113532
0.796476169834
0.89203540641
0.802287966538
0.733574523698
0.907361656579
0.734805072614
0.831206113925
0.871977325717
0.815750930907
0.756619964203
0.87191490702
0.750254903624
0.784537412682
0.769117546699
0.825392088343
0.897634201356
0.927031351088
0.752742630114
0.81724223364
0.876593946646
0.71937497036
0.872680086295
0.763779499885
0.678080920554
0.70297225218
0.698199257465
0.77215373326
0.730403421977
0.741938451223
0.795762633094
0.795300827944
0.813586510101
0.855386461208
0.820478033289
0.885144394613
0.823810071323
0.858556129588
0.851258990534
0.790640390768
0.807537400157
0.701180074611
0.794228387783
0.808864293727
0.768402585448
0.812279138478
0.845558481746
0.794746453822
0.777510883757
0.852463435354
0.793749804677
0.64074025462
0.660678036349
0.770125522607
0.836111788528
0.755263751482
0.856281702208
0.810390219579
0.859408341005
0.905600379222
0.806008029052
0.804124782946
0.885476805144
0.852204227416
0.831011793114
0.899905929154
0.787314627141
0.811002055065
0.794357731252
0.734751056847
0.760964868903
0.799504838416
0.841411327658
0.831780667151
0.725936187579
0.80564118576
0.792479156521
0.823408329227
0.847784678061
0.78420271049
0.773694928105
0.813162997395
0.819732158443
0.730360836571
0.915008987771
0.888933145914
0.830367130446
0.731317840108
0.859671525901
0.842910883492
0.825390825906
0.775607907753
0.836494707663
0.844154340155
0.77921891519
0.817348508962
0.800809879261
0.758056645357
0.89430803495
0.683889626431
0.8347983462
0.747786842676
0.950664756959
0.862544075088
0.772363352281
0.764430485887
0.655261179059
0.77164095225
0.675051135684
0.786125263808
0.755798058854
0.80438766844
0.916943390698
0.770706687457
0.798145373796
0.786347105304
0.808595200802
0.778119869579
0.779586501665
0.852124852101
0.808409741318
0.823944165015
0.883299678109
0.822281361593
0.773824882252
0.829082294121
0.781782220741
0.771126505838
0.758107339236
0.747322342053
0.808084885425
0.841598183662
0.846484727528
0.969891915418
0.764430576119
0.760790939674
0.851132960942
0.747436856058
0.790484398251
0.74035561673
0.755219266524
0.720695319635
0.747429438915
0.709229981161
0.773008521959
0.839688422125
0.843804381655
0.761056517976
0.779813181169
0.836775838358
0.761048647004
0.752582063466
0.81858630892
0.868636526437
0.879283895573
0.773538116662
0.772949554303
0.779172202743
0.788075905295
0.818080849347
0.755669727214
0.667410325641
0.809810283566
0.844175830199
0.832574962059
0.896453905799
0.758213066179
0.884420152639
0.657233683959
0.789033655258
0.886760618467
0.896695844721
0.895410994626
0.777663894357
0.900092806238
0.915398141163
0.728700286234
0.814768646852
0.838297716776
0.784460187616
0.797500689178
0.682540315946
0.814515317898
0.757750597419
0.862318814174
0.8102827757
0.805259783126
0.831938246793
0.85752867449
0.826214765725
0.740752579158
0.796857600771
0.861502195107
0.836656168847
0.732365715566
0.825851455673
0.823476745891
0.823281432755
0.828557003001
0.884480663791
0.867205183885
0.873440819526
0.752499640992
0.850775022954
0.755449337604
0.848130519433
0.796515233621
0.757156792849
0.854495448885
0.727790739382
0.875767017237
0.820475107723
0.760913316836
0.780057296328
0.838742607285
0.709545898927
0.753151799806
0.845990532368
0.878909006657
0.794081516603
0.915561550739
0.83705746354
0.794760900094
0.773824067697
0.730124417094
0.754667895527
0.690037904733
0.743959732043
0.720930513938
0.681103092612
0.727170907835
0.754125907909
0.834457280842
0.804164387324
0.798429140032
0.763063831912
0.830558198951
0.71804193348
0.776951369671
0.707211412642
0.82287279946
0.824737581783
0.740718859289
0.74769110652
0.812057901213
0.734148335083
0.679852155551
0.856260582389
0.797154905538
0.764611621514
0.727021105849
0.792453561862
0.881966973208
0.8213383742
0.725469851365
0.867936705718
0.804221699822
0.770235667107
0.749935347924
0.828019837137
0.714421041872
0.773638116958
0.832381906797
0.750870048102
0.795297045183
0.705873719641
0.780500219223
0.940082201451
0.873871393499
0.774043830945
0.690897361135
0.760240399552
0.780088693137
0.865887086845
0.754270584345
0.898798493559
0.799964204526
0.805874182185
0.916093641781
0.676227976352
0.703084946185
0.841874503224
0.856312528322
0.769502480532
0.765557405132
0.801790143808
0.89323972166
0.813461543711
0.769503480987
0.756490661245
0.739570497914
0.743080922751
0.836167966631
0.639847936124
0.848486209785
0.852491588675
0.714282038989
0.847959393277
0.713593988865
0.717351654804
0.771088633445
0.852055512364
0.874527864731
0.807248781468
0.820306403434
0.791455431361
0.718210791711
0.904278161081
0.763360993764
0.74162127612
0.751779803477
0.70620133313
0.784910989226
0.909118162542
0.7902767901
0.921212115333
0.830928786867
0.771000995099
0.867307536316
0.88346785805
0.793227177875
0.759055804279
0.844338190232
0.702968085113
0.846854821679
0.911635944925
0.834435596271
0.884436554715
0.793724413419
0.855025693151
0.881263545064
0.915588876404
0.87074160551
0.878377896009
0.674593665172
0.801913068149
0.804498435655
0.810716982631
0.851807766868
0.811455845744
0.86202337338
0.828494985182
0.851283641095
0.785184662453
0.892396324379
0.826014922601
0.725636900636
0.786840490937
0.792690804227
0.728005678886
0.807481449178
0.760000517059
0.768911414731
0.79021530683
0.805611786213
0.822513719206
0.688528126154
0.805475562175
0.751675451399
0.727529532986
0.836663128528
0.693702450773
0.704391754808
0.817242798837
0.812071177403
0.82717989384
0.781768223113
0.808262254095
0.893914231927
0.896424096587
0.886774752502
0.883547709847
0.811180809565
0.835474179474
0.784294380708
0.900406500548
0.773498952077
0.826099955711
0.787542477359
0.822839030516
0.843416489795
0.733101538059
0.739354085599
0.679199487243
0.808419402082
0.762411885266
0.753444313554
0.876000312681
0.83106402307
0.830810346048
0.735846861051
0.779956002415
0.755006191797
0.787607323408
0.720347843909
0.818990911767
0.797126681453
0.766455590916
0.744747662815
0.707264003692
0.825915391579
0.870068576789
0.782475494852
0.800550560517
0.806088375978
0.745057021636
0.837828926406
0.799524054154
0.814196637673
0.881893910573
0.799033443082
0.815380032532
0.806388421912
0.711335242469
0.813160334658
0.788650498242
0.741504611565
0.711563422435
0.830383719214
0.804415514208
0.865878429321
0.844199485511
0.795189140814
0.755678878697
0.692765923071
0.916712574521
0.731128417719
0.886454317019
0.867728488351
0.803852790303
0.853377289286
0.733388104659
0.804089878808
0.794212662448
0.802123570569
0.82113220743
0.858437300429
0.83453069457
0.760010331332
0.910049481001
0.767650996934
0.700959050334
0.764122949757
0.896419683311
0.767201091444
0.708191594343
0.861769519103
0.863195899957
0.806438726974
0.767081163357
0.82868322564
0.877969165772
0.804720555466
0.692827326665
0.709522329837
0.835687189409
0.813149612776
0.794637237685
0.853022087814
0.810492860544
0.794444011079
0.724328908451
0.750707722705
0.905797481515
0.769061349858
0.814212389059
0.836146001034
0.801385695734
0.833929222717
0.843426812091
0.875196533469
0.787070331226
0.849768768178
0.685268780189
0.745718764095
0.730949392283
0.789727350847
0.771830768057
0.796665240331
0.859941148237
0.87663576685
0.820526463506
0.875451833391
0.915972532052
0.636067151778
0.829352129935
0.880794788529
0.854776904445
0.904962467688
0.77766668737
0.836478851151
0.843850420643
0.817462683537
0.728363605284
0.833618883308
0.839516242283
0.830089929356
0.881926865622
0.716032914378
0.737239374593
0.786310856735
0.744491037492
0.780235815844
0.874731577719
0.824524159732
0.823581152187
0.88413914757
0.712232494694
0.800408088014
0.768562186235
0.800543662176
0.912191324951
0.752455496248
0.823727747499
0.773896419056
0.839380700975
0.787452001634
0.706368283204
0.763928239465
0.856131091717
0.71248003862
0.826574089527
0.730256303617
0.885796250355
0.849649997284
0.842390468471
0.770586902698
0.735896928846
0.816270924514
0.734902635351
0.804828108933
0.772712273568
0.849112829956
0.929785879214
0.725214434297
0.752727511849
0.846936286499
0.815715893125
0.756561651473
0.767440141521
0.854685184987
0.806144222933
0.890367168987
0.864583967538
0.879912795251
0.880753923164
0.759143224231
0.784041314527
0.790263106067
0.791898442889
0.849471663351
0.786469647104
0.764713705222
0.888046071777
0.7128841129
0.771335664627
0.688844029115
0.793431005035
0.75814879805
0.804136620383
0.793484627317
0.864466369218
0.826624568379
0.79759743422
0.848292829415
0.815560744105
0.749980060851
0.864291394954
0.813499675395
0.782820332239
0.733409356122
0.825826426286
0.770348463785
0.833598588082
0.86838600357
0.666242547919
0.739189527692
0.864688040153
0.808209513191
0.826895473162
0.86437954587
0.89335651155
0.824765646952
0.77405281879
0.757121260917
0.863409826391
0.858953153173
0.868555970367
0.966077991697
0.818322128127
0.812606869805
0.757487316023
0.769813371091
0.754192848429
0.803936587472
0.754412807012
0.884944069557
0.748207661762
0.800400856417
0.823457147489
0.876100141332
0.83051307567
0.810610075297
0.856089881269
0.826701027924
0.729617218238
0.701586705039
0.752240430246
0.81206137915
0.763021450795
0.808166011544
0.762886885064
0.813939170069
0.888156966547
0.800676029035
0.7650920939
0.810192074054
0.855452603347
0.827998082367
0.816398414355
0.778558003692
0.841880298057
0.816820777178
0.849631476297
0.808164559181
0.83756411793
0.858788173103
0.799246716055
0.628442639028
0.952098254245
0.892912380582
0.833991580637
0.87770245063
0.831670455365
0.965141417117
0.73376305356
0.766490694221
0.710653938598
0.86028745432
0.825130790436
0.778562673691
0.809385033739
0.74247798327
0.773495207981
0.790514565384
0.825810246129
0.777180030071
0.791248493714
0.800589593596
0.805295463028
0.800594110009
0.75241405637
0.804443019144
0.734868834745
0.873780868134
0.831172209484
0.784711329353
0.770424464471
0.753898235745
0.851132738083
0.668736340987
0.714436810152
0.829647228634
0.872531632579
0.775172857967
0.813627392566
0.737067518783
0.723172198762
0.691249871328
0.733531586839
0.75808093066
0.821567094861
0.786871807718
0.660430527886
0.892994809096
0.811557045066
0.875738168318
0.7649133955
0.833326487177
0.779733065072
0.803740074458
0.756575368025
0.801586115705
0.65083240532
0.854808402005
0.753963952305
0.767502819121
0.883728860019
0.649767580131
0.754404380464
0.8417115705
0.950689750852
0.832863021145
0.742707264135
0.746358813598
0.757094845229
0.846918856789
0.881813492519
0.806927487966
0.802024419043
0.726027146884
0.67100394522
0.821355383958
0.834745876974
0.731498658241
0.958177540383
0.939062182801
0.933495452929
0.900503313564
0.915768764259
0.83888880152
0.824634691157
0.791016642816
0.828408181671
0.762640737532
0.930926960028
0.940328037035
0.829310252747
0.826328696447
0.769010943794
0.783235170736
0.813401800733
0.854840145332
0.793465878841
0.871185317732
0.759349813948
0.624903091897
0.69103035533
0.855447941489
0.882281377982
0.749882304724
0.69320718482
0.797534440714
0.807729146416
0.817766986173
0.774029982412
0.758821853037
0.802583929561
0.686675982368
0.907281181404
0.761477232429
0.73798575653
0.765923800861
0.779784203234
0.780902170852
0.850266899876
0.846840680244
0.856555355514
0.837638876861
0.859634706391
0.780073137868
0.832312339994
0.859250573976
0.778977041742
0.87429848879
0.787773125206
0.63010547048
0.835726208272
0.748219082392
0.695707094675
0.80975821273
0.856564717681
0.780251232739
0.765753730718
0.769340364666
0.7406186635
0.853185613702
0.826949276974
0.800651791008
0.745457597845
0.72710049551
0.737363693564
0.787008566652
0.878735165626
0.805940260888
0.887130711737
0.846077866631
0.763072534809
0.861118455358
0.803020807413
0.884611707166
0.806832994936
0.786463339702
0.814076983114
0.907034983317
0.897831777812
0.724727000954
0.658198063499
0.816463893378
0.80119897934
0.817992926231
0.814420097121
0.792755896963
0.848230227095
0.699476276383
0.846469232986
0.791439538293
0.817262991398
0.824983450305
0.863844150623
0.760274318783
0.739146244758
0.752812209831
0.792539262699
0.760139367468
0.78824827451
0.818677888881
0.845321506742
0.832197554129
0.774493676255
0.804570569593
0.834467870207
0.781033746501
0.782653403386
0.826791075687
0.840456294939
0.731207370738
0.749325624879
0.841342143981
0.71293265215
0.846560407396
0.792889859356
0.707900589532
0.803760152393
0.817705582195
0.848938509412
0.795962507174
0.860534165879
0.753048753694
0.794508378039
0.739242989128
0.72212500514
0.679222132051
0.881759171272
0.780411914734
0.730139025381
0.768544420814
0.774000634484
0.736247266864
0.837821818813
0.745052841597
0.758222369382
0.796056757719
0.838611179725
0.85204734741
0.727014708054
0.734243130669
0.91237894327
0.77435551427
0.785588914639
0.882375674986
0.78030791722
0.819764175246
0.820634221845
0.750262346308
0.753631420148
0.680149698193
0.850738769708
0.778959891342
0.802625916067
0.891694120469
0.866783839955
0.819848350901
0.792947791877
0.703997844221
0.746321470238
0.884295490533
0.832852280771
0.8690800391
0.813319133259
0.797523924492
0.822870367851
0.78997318719
0.770566090913
0.753029658158
0.79930622969
0.856231697069
0.81060703958
0.806912594487
0.836729081446
0.766374160584
0.832678354293
0.884681851718
0.800731108983
0.890221160747
0.783296946494
0.838761174967
0.856147626245
0.751766836418
0.761969115923
0.766802272127
0.88087189135
0.701276938284
0.919437290768
0.848142729341
0.749982519314
0.855205746322
0.765211451108
0.740753481418
0.772572789423
0.906628011405
0.810600236594
0.762680141441
0.73093098311
0.865069037897
0.742418270511
0.876475725393
0.879143212962
0.760037389159
0.893783825279
0.828546795607
0.775889869766
0.761394924233
0.910355820747
0.872920072436
0.774184265656
0.876964130535
0.742745499188
0.904275480572
0.926214840594
0.70983145697
0.835278043941
0.842426652128
0.820008805376
0.815597004565
0.796973589289
0.792323009493
0.827119706253
0.919276478616
0.800228911609
0.802511853401
0.787367290081
0.831357268192
0.789874646857
0.744219672555
0.81938426433
0.875612920151
0.817729972362
0.756947443101
0.754563884103
0.847495270559
0.81900217617
0.834492121586
0.769726182543
0.825407805824
0.863572530905
0.850833050006
0.841561803807
0.863535813992
0.758498513389
0.808626032651
0.842706316744
0.794675849899
0.765120209607
0.791326383651
0.770340519618
0.779220185426
0.767732097914
0.769957957592
0.800144505
0.918136177927
0.778148536062
0.77277219858
0.767298717686
0.800959258674
0.902674905797
0.713549403833
0.774244920656
0.786721257299
0.780746795522
0.833072597515
0.843230294047
0.72012672712
0.745578278488
0.848799330517
0.842946405399
0.803225612308
0.853655250184
0.835838070618
0.878882971346
0.812789418053
0.690641773408
0.715534092173
0.833994955501
0.792324323132
0.775710478756
0.88433028585
0.923714916284
0.695414791548
0.678587723538
0.855648490614
0.726841531777
0.682979066174
0.74695010185
0.76699367028
0.755474928122
0.86362425955
0.808484696693
0.694201909787
0.649808027017
0.921798799088
0.738842588083
0.79727183121
0.804498617837
0.695215719755
0.769846290986
0.850138018813
0.74901583893
0.739224586604
0.788496871971
0.838597288957
0.798958172001
0.861496550563
0.838851051995
0.801304283383
0.941217855738
0.889348090744
0.866706923279
0.869223593344
0.871108950303
0.80370472973
0.712368626063
0.745214986287
0.840086099543
0.831488643664
0.725185435458
0.81415339203
0.820685959538
0.852271412164
0.740102214881
0.767196873204
0.815637239065
0.770009709549
0.890866472172
0.795789373776
0.869099144472
0.866750112747
0.828775132275
0.881188479765
0.746479313374
0.875086904296
0.816130535998
0.754603564789
0.876508772476
0.905663662925
0.865359585562
0.748036385717
0.771838255994
0.840246272361
0.833184447934
0.78744673376
0.812538840099
0.823212481665
0.878502020407
0.741351947086
0.876400490901
0.971909004349
0.882720848579
0.765886628702
0.701688446274
0.766301139936
0.81933996854
0.866754494814
0.755887188056
0.860520714806
0.79766314894
0.784875087164
0.875985223228
0.852229232003
0.72326128462
0.827414307966
0.819800846364
0.679173973091
0.733845151312
0.91053700713
0.809579306434
0.847784621701
0.81329297265
0.877257321884
0.672120293142
0.813488564017
0.652919254281
0.750692332216
0.754694447194
0.814907623402
0.71597688884
0.69794523086
0.6946739798
0.816315780838
0.780454325061
0.828311826675
0.726739104903
0.769418853013
0.74207349205
0.791025749717
0.836386745863
0.758537513486
0.767816173187
0.749663078086
0.831116583734
0.778964803962
0.807738330961
0.885879888139
0.813027507911
0.891450237551
0.84175459753
0.876951102124
0.7481291483
0.727891625896
0.736644677249
0.816641785659
0.739282513653
0.784213708731
0.832340365843
0.849894388272
0.837249149247
0.844662898678
0.771598647049
0.826506566968
0.718586189635
0.936333539334
0.88807856742
0.865328125163
0.754276314174
0.777804000345
0.765659445564
0.861599283261
0.7604956296
0.734341879916
0.766609417877
0.872166754816
0.843029483352
0.827622337106
0.75445045132
0.71590517982
0.820158876466
0.684844243103
0.933206886535
0.632170762548
0.79956752973
0.791810101542
0.772368109748
0.712203200041
0.778579074335
0.807566396078
0.754372080926
0.795670954429
0.79246139692
0.768729964058
0.766889079472
0.859657685032
0.823176591777
0.766484955733
0.869612242556
0.881625130374
0.84328569305
0.798535769522
0.781033487544
0.869882009403
0.704707392775
0.848983423569
0.873002538667
0.739160109479
0.804519144574
0.92556620484
0.845862833106
0.81559555417
0.823338015428
0.71952355115
0.873603484056
0.795894989439
0.813823469705
0.809704206989
0.753501222915
0.850447773957
0.782865909408
0.667881502483
0.798363544786
0.747095260029
0.862862778206
0.79644610996
0.83012680374
0.833813710824
0.837402322987
0.808644911625
0.789384247732
0.840472600581
0.705608630963
0.746138778148
0.846150220267
0.816501894783
0.782282228956
0.793168861761
0.862871133389
0.818727670981
0.76982404574
0.699252035043
0.846440409012
0.872874680803
0.768810040272
0.74416707498
0.722875596972
0.718215760147
0.724281946561
0.746951504684
0.784065390571
0.806246487628
0.688879116793
0.888265372262
0.842226591389
0.764037194164
0.893664169846
0.693555804939
0.797137824594
0.814858257847
0.756405741302
0.816011196026
0.935193073086
0.720088822892
0.773994082969
0.777844626422
0.827849828839
0.777514698811
0.709390185131
0.672994820812
0.781050162676
0.866488970589
0.777458247747
0.792420898158
0.77274450734
0.858017773993
0.804963549681
0.793125783139
0.840793473714
0.815932894426
0.78903253829
0.794127293008
0.864217502388
0.756789967545
0.749199949667
0.558704837204
0.817997342322
0.832191407704
0.920212202571
0.807748284212
0.84499857296
0.784659297601
0.789484089019
0.79764497317
0.762450380165
0.792409575944
0.740428226369
0.851762895897
0.881431394818
0.908404553393
0.810851521492
0.800736445605
0.893402193853
0.881375413366
0.827965832035
0.799651639598
0.808571641369
0.863009632893
0.770225811145
0.684677919139
0.73264398967
0.730667670846
0.889358705512
0.911437733517
0.797409714277
0.891533001044
0.723691521482
0.815434140988
0.804111416465
0.803442907892
0.813979517938
0.781304784996
0.840611923981
0.764060297561
0.657690208361
0.863925565186
0.960952523417
0.837114028411
0.702983823556
0.757064409944
0.768216309028
0.705392691568
0.683207801055
0.913460913291
0.829622062016
0.735612192264
0.754813143136
0.770908868079
0.731914821992
0.787781568899
0.895990151866
0.89487077598
0.871630908802
0.787525066963
0.778214007831
0.76777170561
0.754452522949
0.909607936234
0.868392553984
0.785853040508
0.831786764387
0.870538484993
0.822904548407
0.821264580432
0.893666937504
0.845500489836
0.728455780429
0.86803956263
0.837255384528
0.78862875328
0.872393527468
0.882019140307
0.803470029651
0.879205097945
0.700116782286
0.850046704482
0.855766943927
0.863033104553
0.875748965022
0.792459424487
0.807293934908
0.712929636323
0.867989514204
0.798530690524
0.730373197389
0.841458383096
0.801727606744
0.810152215926
0.866377516327
0.761349974387
0.78196249788
0.72655738833
0.812700410551
0.738960457851
0.779831342782
0.801241634891
0.849759530834
0.763807695257
0.82898491656
0.857718114863
0.887939237843
0.897098538852
0.844174343527
0.726993728897
0.75160565212
0.78211276844
0.890476454554
0.81154321546
0.846798105159
0.918565572052
0.785421699531
0.766442845339
0.756758133831
0.871063828661
0.839178258992
0.797503981058
0.871759845091
0.772074589184
0.920714189931
0.819545114712
0.801349365557
0.827021688102
0.822824960602
0.824227448207
0.900527250166
0.812275769354
0.839133810169
0.775952736351
0.863913612354
0.842726268236
0.910945988014
0.902838027074
0.802455294391
0.78667670623
0.856916446918
0.934075551568
0.798941111389
0.853340458798
0.855084600588
0.767417808325
0.811610644934
0.731415190393
0.841257489687
0.750567257498
0.890507630799
0.863992892229
0.850050628752
0.840443031915
0.770344946804
0.858810869576
0.661638491809
0.844743575102
0.847609171344
0.79015636417
0.806412713168
0.75409920681
0.814341345843
0.854561971081
0.75678796195
0.837875028896
0.832762072489
0.833622167214
0.857392259162
0.693426546252
0.646040569346
0.851162681095
0.818770107662
0.801479114535
0.722463801486
0.938664661236
0.693960349778
0.816300560004
0.670495318588
0.835591977971
0.741133004652
0.843890059666
0.778709869489
0.793150721084
0.849161503625
0.798433650116
0.830152947043
0.755754406615
0.749546436794
0.903499255247
0.795779409585
0.801674494243
0.786338258341
0.798558969736
0.779476477715
0.818055554541
0.853877309948
0.75210065275
0.836143768265
0.798063318769
0.80168675799
0.846518939042
0.880372726933
0.824717346715
0.737314789652
0.875547812234
0.887825084075
0.866544484208
0.7953750912
0.881611766486
0.768678605435
0.780884592701
0.734820968315
0.826527398502
0.871219165548
0.754070292735
0.833048371623
0.831817432517
0.667816329283
0.731749465531
0.716298555395
0.762007394016
0.825246340064
0.854578564082
0.880464061863
0.852544766079
0.734480060709
0.771526546671
0.80036765405
0.787155809185
0.821429769547
0.857872961804
0.868273568487
0.798877874793
0.791432557264
0.812699729211
0.769230455621
0.826225421223
0.736094530972
0.756825740782
0.76463764321
0.815177310761
0.807300287043
0.833052778899
0.795480254823
0.673805443719
0.685573738616
0.807717049383
0.754465465866
0.903277327398
0.815004974229
0.817749080639
0.864089547025
0.902147426375
0.798909677184
0.807097279708
0.792647259487
0.809941122808
0.757896093125
0.806634496413
0.72318415441
0.82002641936
0.791087285377
0.78443498905
0.77073222926
0.85264330616
0.812814125769
0.76876339131
0.835687891141
0.766533915728
0.825645465388
0.810919217686
0.778853618047
0.757819783736
0.815927920477
0.849131256644
0.872639880028
0.855945644159
0.711858904952
0.780902599491
0.664051059727
0.879300822091
0.821424480326
0.740126940027
0.787467173163
0.833410487204
0.786532018396
0.748549059474
0.895805369386
0.790890251282
0.891379650803
0.80623701058
0.818017472328
0.634152856099
0.748194617491
0.770010486992
0.77733050304
0.854817670143
0.901307488065
0.79157930144
0.906634329455
0.865526211641
0.804000550305
0.755137267677
0.741692511448
0.861813591498
0.839104083575
0.898625225773
0.860678715017
0.9150767868
0.880342395044
0.812101223265
0.819644563824
0.778007017746
0.806338219413
0.815831520675
0.764981145423
0.781234310111
0.859967704645
0.82397502145
0.782288291522
0.74973429934
0.659744781784
0.763204445269
0.785847866828
0.752013869422
0.777961392654
0.903046742868
0.787463732861
0.641609093045
0.836845019119
0.834226674943
0.77747867342
0.782812090243
0.710515461133
0.718894389772
0.760246726576
0.870712156686
0.803271459558
0.727967502256
0.90977094672
0.751460027462
0.749222131439
0.856325051292
0.768258432806
0.809988585482
0.781545184905
0.799291851731
0.798912369285
0.717581357484
0.889323429584
0.766951240451
0.903612507267
0.824471635337
0.829326450001
0.705458958123
0.669014755541
0.728486054797
0.852527795766
0.769146090402
0.880437591415
0.724941105897
0.938813568891
0.89048327367
0.817845772684
0.773071417624
0.794694665544
0.737231170998
0.817717777707
0.802672998481
0.897367822738
0.941500141793
0.866773193754
0.8907820255
0.796389501518
0.875524641392
0.832441943205
0.878490173542
0.829016873775
0.843065339691
0.863850193888
0.670888615893
0.817028972116
0.849945958479
0.781318071506
0.813679471143
0.84575677993
0.801174687088
0.691548287123
0.786702544614
0.850396757388
0.821020448032
0.752312270806
0.783576273799
0.837360655472
0.911841221978
0.86020084568
0.848228418157
0.880527292405
0.858231962026
0.866545623236
0.718884121301
0.901721655923
0.721427491191
0.737359065243
0.677613474204
0.793903884718
0.841865255681
0.875904947199
0.832776069875
0.769916905647
0.857972652807
0.789626168087
0.890217717853
0.93251373756
0.915993440943
0.779494057905
0.754500597602
0.823551841726
0.768222147276
0.786098960549
0.816643084816
0.752647430812
0.750103760226
0.803866251854
0.666241969715
0.675664143322
0.883237816242
0.744218502657
0.730854192289
0.651885032387
0.703383157012
0.869710977813
0.781381979201
0.784202704658
0.780445108127
0.8566147283
0.796244816393
0.832990703277
0.839365017385
0.757679416851
0.692265132357
0.659228411323
0.801738314357
0.826594041334
0.863983559663
0.840949424495
0.767609401534
0.8483690713
0.831517468186
0.891053372273
0.797801370319
0.885485417854
0.803400667798
0.900283139145
0.856551861958
0.818463720107
0.759224805003
0.744701305363
0.860594664312
0.901553626374
0.736077297745
0.932265028001
0.868399027735
0.769461673298
0.780692372091
0.745467725283
0.868218694384
0.8330295081
0.89680495759
0.886321666868
0.828310079646
0.787984543522
0.807849086049
0.874727703625
0.856630814799
0.815766425244
0.891561710989
0.785876930367
0.83255074334
0.762485838714
0.839500026966
0.775360455119
0.736417990704
0.883584084188
0.854140022412
0.880919932729
0.9044270905
0.828313694653
0.890420993148
0.740414095141
0.761069581612
0.872896064995
0.809276991791
0.864014208591
0.8032599588
0.761619093574
0.80574477438
0.806683174618
0.82854476257
0.831876595762
0.837417613407
0.76992690023
0.732271761181
0.852977805817
0.827795625161
0.845737580423
0.819229041771
0.788183999928
0.724647175761
0.771335753605
0.703809415505
0.835018734054
0.868661272919
0.816391366523
0.680284696879
0.721784645925
0.858778401148
0.823894168887
0.756917687011
0.83667947656
0.826334209827
0.819760608699
0.781905475067
0.908688211747
0.868036882616
0.964845043323
0.688946857153
0.849336465123
0.653665676096
0.778893811356
0.78975982161
0.845424551172
0.906139727196
0.810676657765
0.846177668894
0.713708349306
0.842661025821
0.805404639303
0.682950316264
0.900780666101
0.839416660416
0.812242420024
0.80932577749
0.859591011144
0.807550347958
0.696718226769
0.933166986907
0.772515204639
0.83146479979
0.897989971485
0.817197591249
0.71630459015
0.779284477897
0.75742673208
0.803392522851
0.765640284404
0.684423633441
0.661625159084
0.719800162739
0.850651847784
0.835706897597
0.911571771218
0.835898058759
0.811481476314
0.776996421854
0.789556248467
0.795945075726
0.706273740015
0.811447700122
0.916555360573
0.768928789274
0.754148971118
0.813505572227
0.824338648056
0.872705683095
0.840193278496
0.804470370619
0.850199939254
0.91716231659
0.86749041938
0.868605412668
0.788796793879
0.835321494497
0.895496470925
0.890639462035
0.84177343796
0.838736849823
0.750225633579
0.834165108238
0.761460242466
0.891578721861
0.740294042356
0.828470644722
0.874672932139
0.857442489985
0.881652380958
0.838015727917
0.773900194823
0.90454807679
0.81271211813
0.770064463282
0.817438592464
0.662567468823
0.779156887347
0.754167994354
0.843412242559
0.835924791071
0.797805666224
0.762485384654
0.772920188974
0.862316244281
0.889395649714
0.824328982695
0.796704389586
0.802679712221
0.694082464878
0.676931831284
0.824109019624
0.76978387776
0.816497364535
0.874076108137
0.829738750979
0.811474947109
0.873569535846
0.76091022994
0.753857563002
0.874762343918
0.799993725207
0.818990686314
0.86262542519
0.735472931721
0.816078632058
0.74791909837
0.808350088161
0.807744224943
0.700632784897
0.711867742573
0.765550592467
0.834671915211
0.778580054029
0.800863720877
0.897214212217
0.811305172591
0.7535343232
0.845345711413
0.879514671428
0.910307365017
0.80198283076
0.682115781371
0.751772522445
0.761322869274
0.808052862746
0.761094150524
0.839020718849
0.869726666834
0.778602488264
0.820833873916
0.844218214527
0.686864738742
0.830992933286
0.808372565372
0.847429435488
0.836519504845
0.711190520545
0.784216995423
0.800503567568
0.799747816346
0.711488844085
0.822419323262
0.753834473987
0.765731609918
0.842399247652
0.870948294424
0.84521201424
0.828282951068
0.82336411217
0.930721072251
0.83254560942
0.771909769515
0.744970581211
0.748157936454
0.742028218415
0.751226321008
0.926612069232
0.815163886118
0.724483620985
0.741311347395
0.938699890134
0.709163115904
0.893454614657
0.82429349298
0.819880020924
0.796706878904
0.754129056552
0.889685754618
0.718698737964
0.752592087702
0.749863875957
0.823178734424
0.771057224873
0.835683200924
0.730118523835
0.761309568128
0.764259701641
0.73144664037
0.874626435305
0.823721784445
0.67726148463
0.801443320344
0.915525891953
0.82478117201
0.796289593624
0.737128543237
0.828020181396
0.77966433445
0.802610378745
0.825242726937
0.784700579776
0.892988952793
0.7168127817
0.771719999353
0.90883946198
0.850252248346
0.945691619762
0.651019709723
0.685387917206
0.783759978738
0.819325255856
0.839766325492
0.827483686675
0.750592277924
0.833946704646
0.891089302765
0.798072640785
0.764328807376
0.684298265742
0.819673968
0.811524654906
0.773285517004
0.723531616692
0.777835792743
0.831446159619
0.704608297481
0.775425047988
0.878400219278
0.752757218546
0.857778536987
0.773562762675
0.852622354539
0.749997144751
0.853973042508
0.768515463597
0.833755747544
0.79096862592
0.79812484936
0.689159249421
0.865730452337
0.696192588422
0.754690433504
0.773092867707
0.826859958521
0.360249589219
0.817186068932
0.582679475678
0.745803246504
0.609484479759
0.439364926931
0.728429807456
0.500329149555
0.535816277169
0.731741169288
0.631071006855
0.458653220267
0.690242333587
0.521696199482
0.490639867705
0.458620748052
0.811732166065
0.49072905255
0.617403149156
0.617143334583
0.373942378509
0.534648179808
0.647859630212
0.565087887633
0.500598561562
0.636280206332
0.66018125876
0.587220235586
0.558941342805
0.532451687321
0.610362820809
0.507713138703
0.431428515003
0.647709535511
0.229967314229
0.642503894373
0.688805799075
0.620186583059
0.644549810096
0.651817905358
0.516827284008
0.528881142635
0.749850473269
0.508706963717
0.376444679542
0.689455984253
0.658189576171
0.369420945222
0.711126424283
0.66459501136
0.403042387916
0.638034266176
0.593718960244
0.525809230532
0.58610837534
0.588143118527
0.550673903742
0.815153384087
0.371656041801
0.325732564634
0.551605996659
0.680514366849
0.632254731722
0.472395076697
0.763943053129
0.664324928662
0.575173035638
0.531429961235
0.281233701506
0.225089689949
0.463086396123
0.815839997956
0.406972252283
0.683768645121
0.711302958962
0.85624342686
0.708208707081
0.74894394957
0.54869290065
0.449235191586
0.560610827694
0.531281933869
0.809417267559
0.802322294827
0.627620033797
0.479965272659
0.765155399631
0.482483426339
0.743292823812
0.363826172541
0.559907676952
0.454741562685
0.296094903061
0.44727120962
0.464566698744
0.639962316181
0.553430117394
0.649661886682
0.580501420609
0.626908869673
0.656570798979
0.761323411764
0.56084745352
0.565814539905
0.594079331871
0.519937891079
0.659081274268
0.74047896158
0.641809981286
0.621246488654
0.29615701451
0.704135552543
0.404123846902
0.612038074306
0.517975440194
0.609140131336
0.60283720014
0.611422124159
0.714692684665
0.663857609386
0.555342370498
0.691388047377
0.353038391315
0.516168474701
0.53350596587
0.758625508408
0.176540253665
0.658576628802
0.686592332659
0.749269719454
0.631272544973
0.589812889105
0.251245986144
0.506717310045
0.600721277923
0.644329884427
0.50636965917
0.465143521645
0.643019142191
0.670105342489
0.833937729858
0.624194022855
0.640405798597
0.615984985335
0.524018031401
0.652355102876
0.51494220326
0.620143328445
0.391109430121
0.539287691449
0.36692523766
0.56066749981
0.292498496518
0.718609361612
0.361757758776
0.626963130228
0.476613165028
0.620058376214
0.691868995741
0.785470666275
0.793066851169
0.74500331464
0.529903728095
0.605445957865
0.7463515506
0.843313961583
0.731328196687
0.618836675734
0.274025254066
0.408728994966
0.515199972816
0.48100449898
0.302327472785
0.542812180748
0.790231687994
0.320837396308
0.561051397286
0.627450017938
0.587771368208
0.544693905187
0.647208033483
0.296133657826
0.655463346876
0.654467290615
0.205212335759
0.696320673109
0.768116258955
0.255609949186
0.51778553497
0.443517756726
0.645790800259
0.51579114635
0.642965991913
0.480599610665
0.66322468411
0.774248709177
0.515759510738
0.48214534253
0.633529414491
0.455505366888
0.755046645732
0.261108314102
0.364836065658
0.580788329418
0.598414041958
0.608343442159
0.248969016011
0.41933202542
0.560696894678
0.41017401029
0.436012553082
0.670913098914
0.630994722398
0.326435917607
0.617842393878
0.660227997708
0.791842837854
0.542335700321
0.518612874894
0.682825081762
0.657334986098
0.425085034744
0.374847206566
0.414707210412
0.40917165906
0.750102884923
0.726034963688
0.837582294375
0.675415521633
0.594143830183
0.758099523695
0.351645476822
0.688117665449
0.583118392714
0.64051038974
0.406050176663
0.405679245046
0.63246321005
0.181312315239
0.813459972244
0.527376132797
0.81289254251
0.569875235516
0.534255560805
0.649631641443
0.770988012981
0.523198542603
0.72776503129
0.701262302313
0.556018440774
0.588291612253
0.607185477249
0.564976116516
0.470349174842
0.455316995781
0.363369958048
0.511087755459
0.491555506502
0.625674660002
0.589320974155
0.676747149048
0.803777563926
0.330520630042
0.519665065309
0.621731262401
0.629815494519
0.598948536176
0.727000592047
0.626062985206
0.679074511867
0.501598969577
0.42007123245
0.625582380276
0.373640329
0.467962725004
0.728208215191
0.216173960032
0.667797249057
0.674321786981
0.605270830813
0.589810130408
0.571979969178
0.74888552241
0.475257118427
0.635471377158
0.733728169962
0.770567192547
0.610973266388
0.658920059647
0.503823175427
0.428718042252
0.415325641923
0.666517872972
0.320896617226
0.783599009184
0.329259082484
0.564342881238
0.508277156514
0.760343659426
0.780047626371
0.538827935304
0.602351041896
0.641144461057
0.699316557145
0.645694056801
0.483958028193
0.698965861514
0.43352613723
0.585280596258
0.571571288413
0.413681589717
0.602747716449
0.694376828848
0.516547076647
0.506644547864
0.718001539988
0.476172625646
0.620137361691
0.560446381816
0.625738126115
0.273781511119
0.652108553243
0.461610347414
0.592107432589
0.414221671944
0.198602674369
0.58395330121
0.723396186389
0.649954643733
0.409342627873
0.539928729565
0.645920649547
0.692744237584
0.453607896476
0.538980293779
0.44806877435
0.485170832334
0.519196038499
0.682848132799
0.452292605066
0.379741738692
0.260155852773
0.725065776263
0.46743334427
0.72639547412
0.675227046764
0.549205106069
0.772531865672
0.757376102256
0.505839971942
0.447051130097
0.359515312262
0.502256038379
0.608513922201
0.621620784786
0.363310218052
0.559617538072
0.530412148894
0.641810098736
0.432597267014
0.469716808615
0.554325634156
0.542493309512
0.549679212797
0.256659231217
0.599361886935
0.504941271943
0.581955138356
0.539805412249
0.389457475271
0.56470240701
0.510672695429
0.513404528211
0.343176007491
0.485131473692
0.405078405314
0.444270177037
0.513432443235
0.820248466169
0.590634039093
0.671113347894
0.544596525314
0.674273569582
