0.31897461385
0.308599952415
0.556495056127
0.592879087057
0.643281258648
0.367822295049
0.51498219416
0.25677631856
0.279532111134
0.0966968491988
0.299650632828
0.388996659871
0.277246621382
0.265434110647
0.659367161362
0.13819042349
0.575795018469
0.242501334159
0.279441204571
0.516704883054
0.469871334781
0.583024109653
0.354586416704
0.588344114682
0.213070156878
0.479766186139
0.366300431144
0.606100963561
0.332611561358
0.286464614405
0.605885404927
0.396572075438
0.392384758964
0.648534190958
0.593434799984
0.181165948866
0.319808297152
0.128902955122
0.543095558373
0.291519820545
0.461721842487
0.270657588456
0.421971015535
0.470965529746
0.541175203772
0.312586483592
0.281635163671
0.506492809377
0.331152145927
0.537397454588
0.495650151611
0.398969403857
0.356758517536
0.316394026634
0.735632430979
0.20827082479
0.389513029072
0.564613876978
0.51434155328
0.527486479345
0.636753300181
0.409572187206
0.485175774007
0.307163755692
0.544972914593
0.375620103098
0.450749002893
0.481572258406
0.43390219471
0.191897474438
0.423053085949
0.509789859238
0.217802293612
0.427686523755
0.508266113394
0.35513009872
0.265408592996
0.451697506532
0.196392492188
0.418711694286
0.337176760535
0.279226305066
0.5444941383
0.488688331054
0.315179006062
0.373914813652
0.610896290144
0.432948804402
0.618460442105
0.145537716859
0.545028283413
0.293783176323
0.284511883958
0.249850912119
0.178598046766
0.210082787589
0.341533657993
0.579847918727
0.486778522656
0.460834532444
0.515271100365
0.542558491232
0.571729081806
0.550942271946
0.31365406254
0.585383970863
0.541034053569
0.276719732043
0.326798926154
0.186471519068
0.29971581923
0.263159027031
0.289995161557
0.464301539874
0.482243332484
0.411999989758
0.272353512665
0.417181933252
0.551618411573
0.453499990627
0.338975353026
0.260133186138
0.357386483614
0.509081171177
0.632831620703
0.427045258392
0.475971854387
0.474061962007
0.392978463833
0.464097740572
0.636338636793
0.439330822342
0.380429235766
0.556418636586
0.242256078038
0.734852937272
0.290692699072
0.568855471062
0.298284047596
0.400392910854
0.371666169462
0.549638843607
0.415507019887
0.290542116521
0.29890556351
0.41976007247
0.296753544158
0.541312541019
0.313002197001
0.535141212725
0.445525001181
0.570546432266
0.274260681985
0.423808188865
0.343169950186
0.547520067223
0.463130520254
0.62731460958
0.479347672052
0.382464364881
0.307738796681
0.2855620455
0.446604685722
0.696802473894
0.369112570737
0.344158807056
0.557256302684
0.413124236003
0.453796777594
0.317561761679
0.513229961389
0.621649671468
0.232335599794
0.330975071306
0.29044296678
0.350432934065
0.38948964055
0.269670812873
0.391497524157
0.205294988801
0.528955251772
0.363846627415
0.372185765776
0.215932344437
0.428120844943
0.571158770911
0.618953575336
0.466225006552
0.385022228749
0.354430940124
0.502158125102
0.321913625856
0.37118491496
0.402604999089
0.248144940349
0.32917187099
0.346363330335
0.335528142246
0.679287934422
0.406386289816
0.638383890299
0.509304123831
0.327860503327
0.474576808199
0.527449482751
0.122831067644
0.532751336237
0.406538410706
0.638320042991
0.40613377326
0.282246229121
0.427891969678
0.447753230445
0.278124884193
0.594156383392
0.481560137174
0.28111823241
0.31129379807
0.33902042937
0.620545119196
0.41773171004
0.337851259774
0.426825209104
0.386306932585
0.773285510461
0.441278137677
0.473957775204
0.57007807771
0.428476616829
0.525574214353
0.428242329107
0.440006104581
0.542374118784
0.387334914108
0.518368526911
0.546605292664
0.271434169036
0.544132862288
0.350616155156
0.586130023554
0.500707432077
0.268189655742
0.462895974788
0.527031503946
0.41456868827
0.292835735977
0.40083998665
0.642754346167
0.550250576364
0.662868274074
0.378981781271
0.301112614419
0.250391233548
0.350041520542
0.484397197873
0.518326966565
0.461044250325
0.559360164556
0.317785063364
0.314057505813
0.438800607999
0.199060300746
0.613731305636
0.217603623298
0.337302931131
0.366388941294
0.429763846055
0.3114160772
0.158834949417
0.490669010032
0.351284490279
0.455313904332
0.53760107019
0.18249028149
0.383354121199
0.449893251737
0.307270560602
0.458523243222
0.425694000324
0.651302306352
0.249881143137
0.532708655872
0.249475215322
0.305468413837
0.347611654413
0.348710567861
0.297793999284
0.613922028698
0.226936507261
0.353315976105
0.679155825399
0.478403020891
0.687081312978
0.304775173611
0.107467290403
0.525855630578
0.600262094068
0.675744186233
0.372538351633
0.660133854751
0.508087132884
0.623261006095
0.276447090739
0.300603715861
0.446754378489
0.524156302555
0.306567390959
0.321331531974
0.342091091574
0.206408110892
0.30796013663
0.294514973566
0.254394155082
0.49948654859
0.420786475726
0.303916355406
0.357777265316
0.510075530334
0.446887483262
0.25542584029
0.618547813581
0.124191313885
0.3332058336
0.510827446908
0.396722348989
0.350309985969
0.515045046143
0.52211796113
0.375326387517
0.203792138852
0.558477446933
0.527610141617
0.674475789344
0.385613329384
0.287864193722
0.377076747895
0.29116388816
0.416972558913
0.3381138377
0.317880338448
0.202051804619
0.156497496133
0.531332893484
0.763806422932
0.532859588901
0.411828129433
0.10063975144
0.581945347192
0.399782251207
0.810633242755
0.291881947283
0.739373200661
0.318716978281
0.398289731309
0.389207070152
0.214495718841
0.191015248607
0.217712938458
0.257959961599
0.297188272685
0.286400570818
0.389228132504
0.194856643671
0.207139179823
0.372197006345
0.31897461385
0.637107295231
0.308599952415
0.347772532054
0.556495056127
0.473275464714
0.592879087057
0.535642865001
0.643281258648
0.502927728165
0.367822295049
0.46649194389
0.51498219416
0.174065504233
0.25677631856
0.266424159887
0.279532111134
0.355584883563
0.0966968491988
0.279537792278
0.299650632828
0.388568753048
0.388996659871
0.206992294592
0.277246621382
0.127858364826
0.265434110647
0.386545006606
0.659367161362
0.425378914386
0.13819042349
0.504104700247
0.575795018469
0.390098545231
0.242501334159
0.317553080383
0.279441204571
0.558772439713
0.516704883054
0.401188972601
0.583024109653
0.386233837008
0.354586416704
0.385951673776
0.213070156878
0.611023413511
0.366300431144
0.555247205929
0.332611561358
0.296661698467
0.605885404927
0.432947273979
0.392384758964
0.32693462673
0.593434799984
0.575860881528
0.319808297152
0.411432972383
0.291519820545
0.459043400954
0.270657588456
0.433257041792
0.470965529746
0.605415343141
0.312586483592
0.434833413961
0.281635163671
0.494622396363
0.331152145927
0.235330700693
0.495650151611
0.346880170664
0.356758517536
0.645566410784
0.316394026634
0.919620725617
0.389513029072
0.65275876334
0.564613876978
0.515895877223
0.636753300181
0.346148311336
0.485175774007
0.359558357648
0.307163755692
0.474586750284
0.375620103098
0.424769352128
0.481572258406
0.384960650899
0.423053085949
0.399792400496
0.217802293612
0.472156241566
0.508266113394
0.380238445573
0.265408592996
0.35374278445
0.196392492188
0.505888913255
0.337176760535
0.137131080836
0.5444941383
0.329388150485
0.315179006062
0.498753113422
0.610896290144
0.30990855541
0.618460442105
0.151909246559
0.545028283413
0.498125284697
0.284511883958
0.225875498931
0.178598046766
0.371676290008
0.341533657993
0.351882655185
0.486778522656
0.0858497538093
0.515271100365
0.463484964951
0.571729081806
0.375920539853
0.31365406254
0.552521142762
0.541034053569
0.444703106781
0.326798926154
0.386046944164
0.29971581923
0.359545662239
0.289995161557
0.335704902349
0.482243332484
0.381723008139
0.272353512665
0.430133869823
0.551618411573
0.473707664377
0.338975353026
0.404096140821
0.357386483614
0.268209634633
0.632831620703
0.39487684558
0.475971854387
0.455633116359
0.392978463833
0.322750995975
0.636338636793
0.34396703823
0.380429235766
0.451996660805
0.242256078038
0.432672835043
0.290692699072
0.5019718411
0.298284047596
0.458536929624
0.371666169462
0.517483778019
0.415507019887
0.446270743744
0.29890556351
0.283212587102
0.296753544158
0.559985557319
0.313002197001
0.239034458577
0.445525001181
0.459797027813
0.274260681985
0.345939687407
0.343169950186
0.431034663355
0.463130520254
0.470631075337
0.479347672052
0.414225133158
0.307738796681
0.726723507901
0.446604685722
0.653699624516
0.369112570737
0.49636829298
0.557256302684
0.831219616301
0.453796777594
0.473879168578
0.513229961389
0.497846267489
0.232335599794
0.374581532612
0.29044296678
0.345522061276
0.38948964055
0.304214289709
0.391497524157
0.344154574416
0.528955251772
0.336999836386
0.372185765776
0.514639006999
0.428120844943
0.48709632513
0.618953575336
0.694819129717
0.385022228749
0.543514054683
0.502158125102
0.347296716473
0.37118491496
0.606626503738
0.248144940349
0.422900582127
0.346363330335
0.187654772728
0.679287934422
0.335201369428
0.638383890299
0.574066525233
0.327860503327
0.597821810801
0.527449482751
0.108568386143
0.532751336237
0.139746875023
0.638320042991
0.513201574361
0.282246229121
0.260825986959
0.447753230445
0.560441590659
0.594156383392
0.412708529092
0.28111823241
0.703388891741
0.33902042937
0.311876706618
0.41773171004
0.262857217568
0.426825209104
0.370703345033
0.773285510461
0.436270831435
0.473957775204
0.324597259562
0.428476616829
0.367606626425
0.428242329107
0.73877036428
0.542374118784
0.630371051873
0.518368526911
0.477519294634
0.271434169036
0.505475181271
0.350616155156
0.31227840332
0.500707432077
0.340450729758
0.462895974788
0.424135033266
0.41456868827
0.467350599145
0.40083998665
0.437472539682
0.550250576364
0.326309542507
0.378981781271
0.27140149823
0.250391233548
0.465825371084
0.484397197873
0.552210912127
0.461044250325
0.501560778068
0.317785063364
0.253048027107
0.438800607999
0.286102615677
0.613731305636
0.385319113194
0.337302931131
0.492716199236
0.429763846055
0.563504283071
0.158834949417
0.692365150137
0.351284490279
0.609755977181
0.53760107019
0.63579293138
0.383354121199
0.389581586014
0.307270560602
0.432397132866
0.425694000324
0.305211875541
0.249881143137
0.358506678666
0.249475215322
0.759963744991
0.347611654413
0.204105150657
0.297793999284
0.645282128178
0.226936507261
0.280376590494
0.679155825399
0.449637972457
0.687081312978
0.624345618856
0.107467290403
0.179582428359
0.600262094068
0.39674364857
0.372538351633
0.595272035715
0.508087132884
0.465226526377
0.276447090739
0.384014995547
0.446754378489
0.155072335725
0.306567390959
0.331986416348
0.342091091574
0.231095607072
0.30796013663
0.613692702833
0.254394155082
0.158005663287
0.420786475726
0.417577081186
0.357777265316
0.540308769558
0.446887483262
0.551505580183
0.618547813581
0.325363079756
0.3332058336
0.487627693296
0.396722348989
0.282288354711
0.515045046143
0.210137645947
0.375326387517
0.180108466177
0.558477446933
0.367964736068
0.674475789344
0.18994759874
0.287864193722
0.245703766265
0.29116388816
0.210546377301
0.3381138377
0.202811437247
0.202051804619
0.705509065763
0.531332893484
0.194096796127
0.532859588901
0.264981430588
0.10063975144
0.316656954847
0.399782251207
0.306949088232
0.291881947283
0.172813683977
0.318716978281
0.518637322234
0.389207070152
0.346911921586
0.191015248607
0.479841858429
0.257959961599
0.353811103152
0.286400570818
0.438886441901
0.194856643671
0.265775772424
0.372197006345
0.303723735589
0.637107295231
0.736732612036
0.347772532054
0.408468535725
0.473275464714
0.454417269829
0.535642865001
0.288885770359
0.502927728165
0.305194951956
0.46649194389
0.543327565418
0.174065504233
0.377538963612
0.266424159887
0.630721743133
0.355584883563
0.372208119154
0.279537792278
0.220936843643
0.388568753048
0.337744998348
0.206992294592
0.240970164336
0.127858364826
0.2913386205
0.386545006606
0.413141616097
0.425378914386
0.566864332436
0.504104700247
0.446365168009
0.390098545231
0.492368837551
0.317553080383
0.572661375995
0.558772439713
0.488201550862
0.401188972601
0.525081332343
0.386233837008
0.362523057595
0.385951673776
0.314899801411
0.611023413511
0.273654911465
0.555247205929
0.382627678228
0.296661698467
0.354938972116
0.432947273979
0.457078398637
0.32693462673
0.350779956042
0.575860881528
0.394494792028
0.411432972383
0.234463892898
0.459043400954
0.375714411744
0.433257041792
0.446009829966
0.605415343141
0.460307258153
0.434833413961
0.532594045469
0.494622396363
0.283185711754
0.235330700693
0.397185912795
0.346880170664
0.513668807397
0.645566410784
0.428108361172
0.919620725617
0.251942941798
0.65275876334
0.492504320064
0.515895877223
0.334947058068
0.346148311336
0.449161701806
0.359558357648
0.206257435507
0.474586750284
0.385840668647
0.424769352128
0.301844607134
0.384960650899
0.255018996502
0.399792400496
0.441883807658
0.472156241566
0.386738512811
0.380238445573
0.172479700406
0.35374278445
0.326763185535
0.505888913255
0.79695234987
0.137131080836
0.369549537899
0.329388150485
0.478064552626
0.498753113422
0.646085463274
0.30990855541
0.604360875357
0.151909246559
0.3738245955
0.498125284697
0.494153155285
0.225875498931
0.462520783952
0.371676290008
0.152808964291
0.351882655185
0.196943227145
0.0858497538093
0.321393681663
0.463484964951
0.639619196046
0.375920539853
0.620357319086
0.552521142762
0.851190616444
0.444703106781
0.408487002904
0.386046944164
0.638238760699
0.359545662239
0.341730623225
0.335704902349
0.648719106239
0.381723008139
0.488923194873
0.430133869823
0.613520678673
0.473707664377
0.129731442517
0.404096140821
0.190256961995
0.268209634633
0.245785788721
0.39487684558
0.306452946933
0.455633116359
0.583950676468
0.322750995975
0.574695417586
0.34396703823
0.170351855989
0.451996660805
0.369663349058
0.432672835043
0.173355001407
0.5019718411
0.364877659792
0.458536929624
0.397366552644
0.517483778019
0.386679123698
0.446270743744
0.283621173599
0.283212587102
0.359117693986
0.559985557319
0.326598281173
0.239034458577
0.43468718321
0.459797027813
0.711480616276
0.345939687407
0.654299487027
0.431034663355
0.174770526797
0.470631075337
0.42972933148
0.414225133158
0.436336351037
0.726723507901
0.599861558404
0.653699624516
0.713960569511
0.49636829298
0.489925123224
0.831219616301
0.549178685204
0.473879168578
0.566718343621
0.497846267489
0.509973244712
0.374581532612
0.344683234637
0.345522061276
0.328733431935
0.304214289709
0.330778601587
0.344154574416
0.204074905115
0.336999836386
0.41421646751
0.514639006999
0.231431579017
0.48709632513
0.490532789642
0.694819129717
0.278517380155
0.543514054683
0.61720685616
0.347296716473
0.51214204661
0.606626503738
0.404424224038
0.422900582127
0.448548700219
0.187654772728
0.516931567747
0.335201369428
0.187481350878
0.574066525233
0.406199250518
0.597821810801
0.156975384969
0.108568386143
0.25314573326
0.139746875023
0.307635094245
0.513201574361
0.26201282352
0.260825986959
0.380211578125
0.560441590659
0.328486122814
0.412708529092
0.245900688907
0.703388891741
0.422483422548
0.311876706618
0.23016406826
0.262857217568
0.304049182108
0.370703345033
0.618711055801
0.436270831435
0.728444098868
0.324597259562
0.75120885616
0.367606626425
0.450872647206
0.73877036428
0.192203388126
0.630371051873
0.182489486476
0.477519294634
0.436042714476
0.505475181271
0.627947941605
0.31227840332
0.487398090228
0.340450729758
0.363144989391
0.424135033266
0.553271039067
0.467350599145
0.46150058022
0.437472539682
0.614508367128
0.326309542507
0.60807737241
0.27140149823
0.309069724731
0.465825371084
0.437556293619
0.552210912127
0.445785153362
0.501560778068
0.238933315806
0.253048027107
0.434767580377
0.286102615677
0.480906162417
0.385319113194
0.293579574988
0.492716199236
0.510873450035
0.563504283071
0.261550733924
0.692365150137
0.717491828331
0.609755977181
0.63579293138
0.307275831568
0.429861167374
0.389581586014
0.432397132866
0.421438540294
0.305211875541
0.411317941696
0.158703092411
0.358506678666
0.71678159201
0.759963744991
0.204105150657
0.70157413721
0.645282128178
0.430101607643
0.280376590494
0.448395747194
0.449637972457
0.614771071339
0.624345618856
0.388037514231
0.179582428359
0.517436217264
0.39674364857
0.582245199022
0.490998113873
0.595272035715
0.465226526377
0.618489705576
0.384014995547
0.644479412521
0.155072335725
0.594238621949
0.331986416348
0.499371679313
0.379952637993
0.231095607072
0.613692702833
0.602745690137
0.158005663287
0.417577081186
0.504307216394
0.540308769558
0.329183588939
0.296939048984
0.551505580183
0.343698983512
0.325363079756
0.3350904876
0.487627693296
0.161393800592
0.282288354711
0.369837870644
0.210137645947
0.248128939708
0.180108466177
0.367964736068
0.51009551523
0.18994759874

0.576835827775
0.245703766265
0.210546377301
0.319665233025
0.375453940129
0.202811437247
0.705509065763
0.631187979991
0.476604695983
0.194096796127
0.534624552922
0.264981430588
0.11352689568
0.316656954847
0.308371110181
0.306949088232
0.172813683977
0.0231327084647
0.518637322234
0.17112039616
0.0545710680093
0.346911921586
0.479841858429
0.410666645071
0.353811103152
0.336545603212
0.438886441901
0.674540344528
0.265775772424
0.3356759582
0.303723735589
0.355209046348
0.736732612036
0.372015429589
0.185236842735
0.408468535725
0.128758439795
0.454417269829
0.288885770359
0.145384181356
0.305194951956
0.493969476871
0.543327565418
0.398052576519
0.621951822896
0.377538963612
0.630721743133
0.626658681402
0.372208119154
0.355580145562
0.220936843643
0.628132996733
0.337744998348
0.208771813122
0.240970164336
0.388776970985
0.2913386205
0.660412731044
0.965369051612
0.413141616097
0.566864332436
0.435789283328
0.446365168009
0.526460250583
0.361773846109
0.492368837551
0.572661375995
0.8149667574
0.488201550862
0.647047982928
0.525081332343
0.739835000686
0.362523057595
0.347016009303
0.314899801411
0.587180235315
0.273654911465
0.250051109068
0.382627678228
0.380258706005
0.538814549026
0.354938972116
0.450732037711
0.457078398637
0.667799853702
0.350779956042
0.394494792028
0.479367343749
0.234463892898
0.419812544219
0.375714411744
0.255686435003
0.446009829966
0.646966992098
0.609187534693
0.532594045469
0.739898318396
0.283185711754
0.284978850919
0.397185912795
0.32065862703
0.450180668839
0.513668807397
0.548143952503
0.428108361172
0.251942941798
0.536271479247
0.177099169942
0.492504320064
0.144557927404
0.334947058068
0.543489798871
0.449161701806
0.579243911012
0.385840668647
0.48626887238
0.190658407767
0.301844607134
0.255018996502
0.345814191154
0.441883807658
0.217124258157
0.647539595077
0.386738512811
0.390271954596
0.172479700406
0.594349888805
0.326763185535
0.553242803489
0.79695234987
0.450244041106
0.369549537899
0.518585957224
0.478064552626
0.312533270329
0.646085463274
0.27712434129
0.604360875357
0.5142250342
0.3738245955
0.494153155285
0.444917006263
0.462520783952
0.176977009612
0.408176955607
0.152808964291
0.196943227145
0.363362089819
0.235932483385
0.321393681663
0.50106155622
0.639619196046
0.211917630381
0.620357319086
0.851190616444
0.717645041414
0.243540921397
0.408487002904
0.638238760699
0.666549687304
0.341730623225
0.668742899308
0.648719106239
0.228255405725
0.515975319763
0.488923194873
0.416631640472
0.613520678673
0.219367722403
0.129731442517
0.190256961995
0.200559399137
0.245785788721
0.112050708618
0.252403674841
0.306452946933
0.583950676468
0.470814115735
0.106989716391
0.574695417586
0.518515769544
0.170351855989
0.304852061374
0.369663349058
0.173355001407
0.301955184216
0.445232017244
0.364877659792
0.397366552644
0.527010974473
0.313203732159
0.386679123698
0.283621173599
0.332578565613
0.359117693986
0.436924046309
0.301650875457
0.326598281173
0.43468718321
0.168945959102
0.711480616276
0.516599169694
0.291584442739
0.654299487027
0.174770526797
0.636304692152
0.151410750585
0.42972933148
0.436336351037
0.744657629544
0.444130822034
0.599861558404
0.349056407753
0.713960569511
0.398485993201
0.489925123224
0.314502781815
0.549178685204
0.566718343621
0.33934662631
0.509973244712
0.407161170941
0.256073079209
0.344683234637
0.328733431935
0.315319256248
0.330778601587
0.228210532268
0.309505406716
0.204074905115
0.238151607539
0.41421646751
0.380738710856
0.231431579017
0.359559493846
0.490532789642
0.278517380155
0.248493444955
0.61720685616
0.507482833614
0.51214204661
0.515723246116
0.404424224038
0.273073976189
0.448548700219
0.859346335808
0.516931567747
0.391157127721
0.460052406433
0.187481350878
0.660535073721
0.406199250518
0.156975384969
0.149029095645
0.25314573326
0.441475129319
0.337592196336
0.307635094245
0.533024366267
0.26201282352
0.35775005664

0.573238862275
0.328486122814
0.567047330823
0.245900688907
0.422483422548
0.569229698471
0.23016406826
0.357369417031
0.470902246498
0.304049182108
0.618711055801
0.365097635634
0.728444098868
0.546084282559
0.75120885616
0.272301565182
0.487825304524
0.450872647206
0.192203388126
0.509901300406
0.583885654046
0.182489486476
0.536822817461
0.436042714476
0.627947941605
0.353233929095
0.369713837364
0.487398090228
0.363144989391
0.224206694112
0.553271039067
0.185330009784
0.392975454525
0.46150058022
0.667211650814
0.614508367128
0.60807737241
0.486216847161
0.610865706235
0.309069724731
0.32222869125
0.437556293619
0.408621065002
0.445785153362
0.590785976627
0.238933315806
0.434767580377
0.469652030567
0.552200678939
0.480906162417
0.293579574988
0.510873450035
0.447594716781
0.261550733924
0.454764803473
0.717491828331
0.551066851196
0.500725157901
0.307275831568
0.802563440342
0.429861167374
0.517725813732
0.421438540294
0.360407412253
0.411317941696
0.158703092411
0.252982653481
0.71678159201
0.457022268969
0.421779378922
0.70157413721
0.510802098898
0.430101607643
0.448395747194
0.40972950956
0.614771071339
0.105452126527
0.388037514231
0.372822327571
0.517436217264
0.584145500389
0.582245199022
0.424162609862
0.490998113873
0.339266668713
0.662945953655
0.618489705576
0.644479412521
0.287358955644
0.421280203773
0.594238621949
0.225540102198
0.499371679313
0.379952637993
0.287122053309
0.157525528395
0.381659224579
0.408792184141
0.602745690137
0.504307216394
0.434279242792
0.335841488242
0.329183588939
0.296939048984
0.529268375517
0.343698983512
0.428151410327
0.3350904876
0.152131441162
0.538599777667
0.161393800592
0.413723332481
0.369837870644
0.555397875211
0.248128939708
0.617280586414
0.51009551523
0.578801435142
0.655965477385
0.576835827775
0.470628468249
0.319665233025
0.272390011639
0.400776989007
0.375453940129
0.432432294589
0.631187979991
0.44437742902
0.476604695983
0.534624552922
0.508347263317
0.42881150313
0.11352689568
0.101440925835
0.308371110181
0.423772962376
0.0231327084647
0.17112039616
0.394684141363
0.0545710680093
0.757985310569
0.619121856399
0.410666645071
0.336545603212
0.415064219969
0.674540344528
0.277078910742
0.3356759582
0.419360638429
0.702583229071
0.355209046348
0.380383089409
0.372015429589
0.176832724625
0.185236842735
0.128758439795
0.486760478809
0.145384181356
0.364705354806
0.493969476871
0.479629136519
0.398052576519
0.383796715033
0.621951822896
0.680317646946
0.473085895117
0.626658681402
0.355580145562
0.463335927116
0.628132996733
0.337706383575
0.208771813122
0.800369340236
0.388776970985
0.316764412818
0.463291092738
0.660412731044
0.322871409784
0.965369051612
0.368008686047
0.435789283328
0.332038467947
0.526460250583
0.589773233013
0.361773846109
0.657590087208
0.8149667574
0.706119463314
0.647047982928
0.189818249491
0.739835000686
0.527639353636
0.347016009303
0.587180235315
0.399133981236
0.250051109068
0.280579262438
0.235544834373
0.380258706005
0.538814549026
0.630009895992
0.450732037711
0.402210589339
0.450003196079
0.667799853702
0.631246849041
0.479367343749
0.223852744167
0.419812544219
0.255686435003
0.302055885549
0.646966992098
0.237258478656
0.252568548533
0.609187534693
0.739898318396
0.378798830724
0.358037299295
0.284978850919
0.218988241808
0.533347196855
0.450180668839
0.548143952503
0.242450724371
0.536271479247
0.33117200812
0.177099169942
0.445735214506
0.372766037807
0.144557927404
0.192662170955
0.543489798871
0.270718254562
0.579243911012
0.541421433877
0.48626887238
0.449489498097
0.190658407767
0.345814191154
0.217124258157
0.270424193601
0.766626585847
0.647539595077
0.390271954596
0.826174569775
0.865037109469
0.594349888805
0.553242803489
0.545495541948
0.450244041106
0.360475237676
0.74519040722
0.518585957224
0.138062283807
0.312533270329
0.27712434129
0.369007720369
0.512190066264
0.5142250342
0.444917006263
0.31703691128
0.319787052511
0.176977009612
0.235518696362
0.408176955607
0.33757524597
0.363362089819
0.235932483385
0.760184908372
0.469568049953
0.50106155622
0.211917630381
0.324142588902
0.717645041414
0.74533536171
0.243540921397
0.532341953611
0.666549687304
0.425297659343
0.668742899308
0.506851588373
0.495799353331
0.228255405725
0.515975319763
0.309876932201
0.416631640472
0.346239306968
0.219367722403
0.326411928659
0.298143822438
0.200559399137
0.25152768739
0.112050708618
0.252403674841
0.56533741914
0.470814115735
0.106989716391
0.700991313191
0.200972364131
0.518515769544
0.402862822114
0.304852061374
0.177982103219
0.301955184216
0.445232017244
0.455191868488
0.527010974473
0.555005608209
0.31243785358
0.313203732159
0.332578565613
0.437107314505
0.436924046309
0.477594080742
0.301650875457
0.48578966258
0.168945959102
0.769032550878
0.287024412795
0.516599169694
0.344078060283
0.291584442739
0.636304692152
0.312190300738
0.151410750585
0.221690492491
0.147561821615
0.744657629544
0.240416981993
0.444130822034
0.652557958817
0.349056407753
0.398485993201
0.631020987152
0.314502781815
0.493116239242
0.33934662631
0.490017496808
0.682734358742
0.407161170941
0.256073079209
0.516547147674
0.527759970093
0.315319256248
0.340339102011
0.309505406716
0.458414787988
0.662453427093
0.238151607539
0.283888903397
0.380738710856
0.359559493846
0.323475980359
0.57050231533
0.248493444955
0.507482833614
0.417025274583
0.515723246116
0.233691409492
0.418328093275
0.273073976189
0.859346335808
0.302072481276
0.391157127721
0.347133472827
0.382444731584
0.460052406433
0.660535073721
0.651491341081
0.495980156016
0.149029095645
0.441475129319
0.638791952529
0.537757618277
0.337592196336
0.337207673115
0.533024366267
0.35775005664
0.36573179389
0.573238862275
0.270811077896
0.567047330823
0.536800442723
0.569229698471
0.313377218929
0.732891695499
0.357369417031
0.470902246498
0.40159440916
0.586483481847
0.365097635634
0.398206959231
0.546084282559
0.396197409509
0.272301565182
0.487825304524
0.747746926517
0.509901300406
0.343820148497
0.583885654046
0.24885896472
0.228146954751
0.536822817461
0.353233929095
0.61274338083
0.369713837364
0.262945250757
0.515573046583
0.224206694112
0.3047083111
0.185330009784
0.392975454525
0.17188410392
0.667211650814
0.403989570672
0.287534975722
0.486216847161
0.610865706235
0.476244791578
0.32222869125
0.126367672804
0.408621065002
0.259752731742
0.590785976627
0.193783836231
0.247293437625
0.469652030567
0.413968992796
0.552200678939
0.651019116908
0.597034811544
0.447594716781
0.476575731875
0.454764803473
0.574672196683
0.359972209073
0.551066851196
0.500725157901
0.734439304096
0.406258869952
0.802563440342
0.504063598544
0.517725813732
0.360407412253
0.17403398042
0.252982653481
0.234185313093
0.457022268969
0.621948443613
0.421779378922
0.339821722906
0.510802098898
0.189253102102
0.40972950956
0.402778021639
0.105452126527
0.54114296857
0.372822327571
0.715786383933
0.584145500389
0.259944441853
0.518164843597
0.424162609862
0.339266668713
0.381960677271
0.760977210954
0.662945953655
0.287358955644
0.496074789364
0.508222460272
0.421280203773
0.225540102198
0.275596432858
0.422861414802
0.287122053309
0.156993451873
0.381659224579
0.185643422231
0.408792184141
0.274673561108
0.434279242792
0.232535900129
0.335841488242
0.740885469864
0.529268375517
0.428151410327
0.608257139457
0.334068005262
0.152131441162
0.708504065173
0.538599777667
0.320189782157
0.413723332481
0.273854100779
0.617280586414
0.208449466587
0.578801435142
0.377230379539
0.470628468249
0.56372239566
0.272390011639
0.316403603218
0.14471167044
0.400776989007
0.432432294589
0.270755574867
0.44437742902
0.541594816103
0.508347263317
0.492542578298
0.415222855148
0.42881150313
0.343979122002
0.101440925835
0.423772962376
0.386860323716
0.362652589024
0.394684141363
0.757985310569
0.261033051104
0.510464030374
0.619121856399
0.415064219969
0.424080546045
0.277078910742
0.416190413472
0.974288587334
0.419360638429
0.702583229071
0.448640331835
0.517442654213
0.380383089409
0.176832724625
0.546595902328
0.486760478809
0.458492337291
0.364705354806
0.455000054812
0.354556143996
0.479629136519
0.383796715033
0.358404719559
0.25887999869
0.680317646946
0.3079886635
0.473085895117
0.463335927116
0.132720741957
0.231657576389
0.337706383575
0.253042465465
0.800369340236
0.26482367057
0.316764412818
0.469071802807
0.463291092738
0.387460631559
0.322871409784
0.162719948656
0.368008686047
0.520160093512
0.332038467947
0.589773233013
0.327568890441
0.192149304316
0.657590087208
0.479730623262
0.706119463314
0.392239504144
0.189818249491
0.396967688701
0.527639353636
0.415260896186
0.399133981236
0.280579262438
0.244594689282
0.345744194517
0.235544834373
0.630009895992
0.336722307798
0.402210589339
0.417146913714
0.531112943246
0.450003196079
0.55106872985
0.631246849041
0.806397964579
0.223852744167
0.465835600791
0.302055885549
0.237258478656
0.317204340123
0.252568548533
0.225422028606
0.378798830724
0.647349938555
0.358037299295
0.238219251494
0.499520225981
0.218988241808
0.533347196855
0.333596588485
0.242450724371
0.337957173285
0.33117200812
0.290704363012
0.445735214506
0.347601300987
0.339068481734
0.372766037807
0.192662170955
0.288725637925
0.270718254562
0.376684907854
0.516435240906
0.541421433877
0.449489498097
0.488867693605
0.466689942548
0.270424193601
0.424833036026
0.766626585847
0.306465557554
0.211678311061
0.826174569775
0.289818982989
0.865037109469
0.545495541948
0.4019633045
0.360475237676
0.533865396666
0.367148864148
0.74519040722
0.444125471075
0.138062283807
0.369007720369
0.572279477012
0.325197357555
0.512190066264
0.31703691128
0.459915982526
0.319787052511
0.737885527232
0.235518696362
0.615398014148
0.33757524597
0.43453218353
0.506375882562
0.760184908372
0.686185775533
0.469568049953
0.605093803472
0.324142588902
0.390371542377
0.74533536171
0.532341953611
0.557774897154
0.425297659343
0.40735506012
0.506851588373
0.387914678245
0.459350523241
0.495799353331
0.309876932201
0.416556540318
0.307929452275
0.346239306968
0.309508497724
0.326411928659
0.298143822438
0.423323147796
0.440479665966
0.25152768739
0.513526536911
0.411917074392
0.644611092629
0.56533741914
0.656048228185
0.700991313191
0.1879808241
0.200972364131
0.270650540052
0.402862822114
0.223121666312
0.177982103219
0.455191868488
0.621703879327
0.555005608209
0.465516975724
0.31243785358
0.525950795042
0.370031846756
0.437107314505
0.449482731213
0.477594080742
0.288082705251
0.48578966258
0.347789352871
0.769032550878
0.287024412795
0.452858097809
0.228492667811
0.344078060283
0.774757628137
0.221690492491
0.317849863879
0.272611374073
0.147561821615
0.383232654224
0.240416981993
0.353874886798
0.652557958817
0.631020987152
0.218408623569
0.121617415091
0.493116239242
0.490017496808
0.215779180024
0.682734358742
0.549688665049
0.667909856489
0.516547147674
0.527759970093
0.340339102011
0.36560264457
0.458414787988
0.289909815133
0.202962443266
0.662453427093
0.745545382384
0.283888903397
0.0771576921184
0.323475980359
0.57050231533
0.070787889818
0.183517481644
0.417025274583
0.162222724736
0.233691409492
0.687898598405
0.418328093275
0.19255175084
0.302072481276
0.347133472827
0.509558826484
0.382444731584
0.395793355456
0.321999474583
0.651491341081
0.486725043955
0.495980156016
0.638791952529
0.484884311438
0.537757618277
0.238548867211
0.369214303646
0.337207673115
0.473875062884
0.36573179389
0.64972705693
0.270811077896
0.276278421231
0.536800442723
0.313377218929
0.356615455528
0.732891695499
0.695092201833
0.40159440916
0.441097046993
0.586483481847
0.386809774282
0.398206959231
0.414824560315
0.784453320926
0.396197409509
0.535569902977
0.747746926517
0.343820148497
0.145434296947
0.24885896472
0.342575128432
0.228146954751
0.295865797077
0.61274338083
0.567333425899
0.262945250757
0.440537199284
0.515573046583
0.291265208781
0.3047083111
0.380061191703
0.17188410392
0.604892946383
0.266958388413
0.403989570672
0.287534975722
0.299307185694
0.392077277921
0.476244791578
0.789933685097
0.126367672804
0.309976653301
0.259752731742
0.193783836231
0.467781144493
0.247293437625
0.323546435928
0.830450138738
0.413968992796
0.325193236348
0.597034811544
0.476575731875
0.412482376422
0.574672196683
0.46024913631
0.359972209073
0.4493919797
0.3644642535
0.734439304096
0.450217804731
0.406258869952
0.28538820702
0.504063598544
0.373915490109
0.17403398042
0.234185313093
0.283567762191
0.157161669535
0.621948443613
0.351953739282
0.339821722906
0.467918389576
0.189253102102
0.353479052177
0.402778021639
0.458712904613
0.54114296857
0.256351994157
0.715786383933
0.259944441853
0.358176174071
0.518164843597
0.351856672653
0.381960677271
0.326377834144
0.760977210954
0.418887525561
0.579338561993
0.496074789364
0.425045986255
0.508222460272
0.275596432858
0.396936442623
0.506159959857
0.422861414802
0.156993451873
0.225194751198
0.185643422231
0.282405204783
0.310277314043
0.274673561108
0.232535900129
0.345187887215
0.740885469864
0.378406348008
0.608257139457
0.25532185323
0.218328866625
0.334068005262
0.708504065173
0.47337523562
0.320189782157
0.553713279955
0.273854100779
0.208449466587
0.235087438962
0.380419767327
0.377230379539
0.56372239566
0.35768745739
0.316403603218
0.558268320139
0.51865169765
0.14471167044
0.270755574867
0.494968892641
0.545219203185
0.541594816103
0.492542578298
0.342173153444
0.415222855148
0.41089428939
0.571728026264
0.343979122002
0.424188007967
0.386860323716
0.362652589024
0.485738569088
0.318128199302
0.510464030374
0.15620187119
0.424080546045
0.189336128551
0.416190413472
0.445716404493
0.974288587334
0.317441823461
0.561747384863
0.448640331835
0.517442654213
0.621339681512
0.546595902328
0.653749995193
0.458492337291
0.518288879607
0.563787143829
0.455000054812
0.354556143996
0.716517787805
0.358404719559
0.618821809762
0.660577050321
0.25887999869
0.27895457901
0.3079886635
0.132720741957
0.424068270418
0.231657576389
0.14497645012
0.319461191846
0.253042465465
0.26482367057

0.207459779437
0.469071802807
0.417477155781
0.387460631559
0.162719948656
0.714066998198
0.541179279497
0.520160093512
0.426580478812
0.327568890441
0.303199553588
0.192149304316
0.549149704248
0.479730623262
0.318281041244
0.392239504144
0.396967688701
0.324929778628
0.415260896186
0.157580115977
0.508046358535
0.244594689282
0.625285749945
0.345744194517
0.336722307798
0.133328085937
0.417146913714
0.200631153025
0.531112943246
0.194591974651
0.55106872985
0.2660447835
0.806397964579
0.41791725424
0.401222388718
0.465835600791
0.382610136083
0.317204340123
0.292444156885
0.225422028606
0.240186727362
0.647349938555
0.316936600752
0.238219251494
0.499520225981
0.312742219813
0.333596588485
0.696580269261
0.337957173285
0.240578611514
0.290704363012
0.514333648683
0.347601300987
0.258321065764
0.339068481734
0.201317697926
0.659990300856
0.288725637925
0.376684907854
0.459000688979
0.516435240906
0.456838798875
0.323461477416
0.400112670103
0.531158401907
0.488867693605
0.424833036026
0.501429199971
0.306465557554
0.711077152259
0.211678311061
0.289818982989
0.411331879082
0.45245459515
0.4019633045
0.393525933501
0.533865396666
0.367148864148
0.278632429694
0.416857733903
0.444125471075
0.572279477012
0.527045900995
0.325197357555
0.331637713881
0.459915982526
0.20796338789
0.564104010566
0.737885527232
0.615398014148
0.12687768827
0.542767637793
0.43453218353
0.379937091814
0.506375882562
0.481438697511
0.686185775533
0.426544007368
0.605093803472
0.449380473082
0.390371542377
0.557774897154
0.472048959524
0.35347043088
0.40735506012
0.520619406004
0.387914678245
0.459350523241
0.548861429029
0.416556540318
0.463357407179
0.307929452275
0.237100708973
0.309508497724
0.286067674434
0.271711108161
0.440479665966
0.383169229997
0.513526536911
0.280252276491
0.644611092629
0.254565868532
0.656048228185
0.347889909002
0.1879808241
0.172363712226
0.4626804996
0.270650540052
0.223121666312
0.427942143933
0.419844174343
0.621703879327
0.150719455238
0.465516975724
0.525950795042
0.335680394292
0.370031846756
0.210313337977
0.449482731213
0.616488458469
0.288082705251
0.187995609436
0.347789352871
0.867635900224
0.452858097809
0.603896484492
0.390468819803
0.228492667811
0.547591166453
0.774757628137
0.317849863879
0.606626115893
0.415629426346
0.272611374073
0.383232654224
0.257915053427
0.561605190673
0.353874886798
0.373067809033
0.32612289849
0.121617415091
0.215779180024
0.484817810475
0.549688665049
0.533064244223
0.479083284421
0.667909856489
0.209876597449
0.281206487537
0.36560264457
0.396117792157
0.286927047195
0.289909815133
0.68500352891
0.202962443266
0.745545382384
0.401430042917
0.172909969685
0.0771576921184
0.300428999904
0.070787889818
0.183517481644
0.118921911969
0.162222724736
0.402476740474
0.490538115748
0.687898598405
0.458241821121
0.19255175084
0.214255626989
0.509558826484
0.395793355456
0.398209845125
0.401976823393
0.321999474583
0.331335507795
0.486725043955
0.401900702546
0.484884311438
0.319817287307
0.238548867211
0.369214303646
0.459078846816
0.473875062884
0.424759710544
0.610149494703
0.64972705693
0.456657560241
0.276278421231
0.356615455528
0.360761481395
0.695092201833
0.304422220428
0.55253670073
0.441097046993
0.386809774282
0.523912060905
0.267490917841
0.414824560315
0.784453320926
0.36563922849
0.535569902977
0.28124350845
0.145434296947
0.627378148802
0.342575128432
0.358896868782
0.295865797077
0.582277111211
0.480356477807
0.567333425899
0.552555461114
0.440537199284
0.486252900045
0.291265208781
0.380061191703
0.60723738439
0.313527530747
0.604892946383
0.201406020622
0.266958388413
0.290652169538
0.299307185694
0.392077277921
0.216507651472
0.789933685097
0.48932604007
0.309976653301
0.467781144493
0.694364963651
0.323546435928
0.519081507763
0.830450138738
0.456902744476
0.325193236348
0.516466548447
0.412482376422
0.480611718413
0.177754271004
0.46024913631
0.302706733784
0.4493919797
0.40413480311
0.3644642535
0.243034169701
0.450217804731
0.28538820702
0.251625557516
0.373915490109
0.221605399195
0.283567762191
0.254371303914
0.157161669535
0.184136262919
0.351953739282
0.566175250142
0.467918389576
0.353479052177
0.458712904613
0.0931818299865
0.722300402153
0.256351994157
0.358176174071
0.694797380442
0.236058970022
0.351856672653
0.279479829729
0.326377834144
0.418887525561
0.354828308765
0.469162783447
0.579338561993
0.825878246643
0.433957760034
0.396936442623
0.458150869953
0.506159959857
0.225194751198
0.41613885
0.509637930463
0.282405204783
0.415133587263
0.310277314043
0.345187887215
0.360413051453
0.378406348008
0.255128332235
0.286472662353
0.25532185323
0.519925942846
0.218328866625
0.616988797775
0.47337523562
0.0849975406436
0.553713279955
0.735263771262
0.144112039801
0.235087438962
0.260878374459
0.380419767327
0.329677274244
0.466582296367
0.35768745739
0.558268320139
0.437574280536
0.51865169765
0.248235200578
0.47466139161
0.494968892641
0.335039715805
0.545219203185
0.342173153444
0.443501538565
0.476328635719
0.41089428939
0.421055386871
0.571728026264
0.415682375847
0.424188007967
0.309376594444
0.485738569088
0.318128199302
0.15620187119
0.265436248668
0.500843894955
0.189336128551
0.316444390346
0.445716404493
0.260679802578
0.317441823461
0.330200883981
0.561747384863
0.621339681512
0.58369844146
0.653305854857
0.653749995193
0.419863095568
0.518288879607
0.331740589771
0.563787143829
0.716517787805
0.52875589147
0.618821809762
0.146813063976
0.660577050321
0.0894388318628
0.27895457901
0.306427212069
0.188441399943
0.424068270418
0.369927002594
0.14497645012
0.319461191846
0.287986616147
0.315512472671
0.658575835666
0.207459779437
0.292762444994
0.417477155781
0.594717946044
0.714066998198
0.606888579604
0.541179279497
0.426580478812
0.445176621675
0.365608594645
0.303199553588
0.549149704248
0.394916020673
0.318281041244
0.456622718542
0.324929778628
0.242915687674
0.425872213305
0.157580115977
0.508046358535
0.389897947163
0.625285749945
0.547909080908
0.133328085937
0.598624251578
0.283158261585
0.200631153025
0.402162503964
0.194591974651
0.2660447835
0.407183950281
0.669848608337
0.41791725424
0.401222388718
0.231387137581
0.291970000093
0.382610136083
0.580096094409
0.292444156885
0.240186727362
0.53964412678
0.316936600752
0.448755982046
0.312742219813
0.715472613604
0.696580269261
0.240578611514
0.175728717458
0.514333648683
0.56514872338
0.258321065764
0.690752566161
0.201317697926
0.346979593836
0.659990300856
0.569655944544
0.248609348707
0.459000688979
0.456838798875
0.235869743954
0.400112670103
0.338027316856
0.531158401907
0.252731246836
0.501429199971
0.436400874433
0.711077152259
0.316274444346
0.395974761586
0.255159320855
0.411331879082
0.326397924152
0.45245459515
0.45091397795
0.252591296286
0.393525933501
0.278632429694
0.22358579349
0.416857733903
0.15921836076
0.350025070905
0.527045900995
0.33900830457
0.331637713881
0.20796338789
0.381966495777
0.164152747857
0.564104010566
0.30489773611
0.12687768827
0.365287910692
0.542767637793
0.379937091814
0.317360703561
0.69544718678
0.481438697511
0.426544007368
0.557524971291
0.590811223525
0.449380473082
0.472048959524
0.232549498886
0.186545096236
0.35347043088
0.158428222379
0.520619406004
0.548861429029
0.387873570547
0.238792722328
0.463357407179
0.22734460081
0.237100708973
0.286067674434
0.841246068564
0.577550118177
0.271711108161
0.383169229997
0.432689707384
0.280252276491
0.279348775057
0.254565868532
0.325435981287
0.347889909002
0.48961242716
0.403067535472
0.172363712226
0.4626804996
0.684986262946
0.660150622943
0.432774916355
0.419844174343
0.150719455238
0.428273881207
0.335680394292
0.22025105163
0.210313337977
0.448793542274
0.616488458469
0.456178178975
0.187995609436
0.316013004957
0.297280063224
0.867635900224
0.49715783038
0.603896484492
0.390468819803
0.357758447739
0.439843342994
0.547591166453
0.470772942607
0.606626115893
0.415629426346
0.405965547385
0.257915053427
0.408006249854
0.561605190673
0.353671088499
0.373067809033
0.32612289849
0.597118300741
0.484817810475
0.0914102254333
0.533064244223
0.196503136901
0.163970801373
0.479083284421
0.217766777899
0.209876597449
0.653290475575
0.396117792157
0.420304114478
0.286927047195
0.245238594107
0.68500352891
0.257585904124
0.172909969685
0.459824329084
0.300428999904
0.407613113702
0.118921911969
0.461131323603
0.402476740474
0.490538115748
0.412490866837
0.671376894887
0.458241821121
0.214255626989
0.479938155365
0.398209845125
0.583973987449
0.401976823393
0.508827089156
0.737560029731
0.331335507795
0.367512154885
0.401900702546
0.324098264654
0.319817287307
0.459078846816
0.215752099667
0.424759710544
0.664970015932
0.694054127884
0.610149494703
0.456657560241
0.376443185095
0.174784185825
0.360761481395
0.304422220428
0.299243519023
0.55253670073
0.498484279832
0.236953935029
0.523912060905
0.301002523423
0.267490917841
0.279064376722
0.36563922849
0.28124350845
0.292160067558
0.627378148802
0.391348351766
0.161115105206
0.358896868782
0.582277111211
0.352000160517
0.516616860853
0.480356477807
0.477228288316
0.552555461114
0.486252900045
0.482358007263
0.60723738439
0.550569347662
0.38088768178
0.313527530747
0.564230353865
0.201406020622
0.547686711683
0.216507651472
0.751814573591
0.214772415977
0.563010835581
0.48932604007
0.107482547522
0.694364963651
0.519081507763
0.368371964293
0.456902744476
0.607367409205
0.516466548447
0.155667063219
0.480611718413
0.188328031871
0.571155331739
0.177754271004
0.568754535837
0.302706733784
0.564974678585
0.40413480311
0.211808952593
0.243034169701
0.251625557516
0.266992392089
0.221605399195
0.364390036378
0.254371303914
0.39004816006
0.325231018411
0.599606389979
0.184136262919
0.396546426129
0.566175250142
0.425595022824
0.387357811517
0.545193829337
0.217778183758
0.0931818299865
0.346647771268
0.722300402153
0.367166148718
0.694797380442
0.688298564158
0.236058970022
0.279479829729
0.539276378927
0.354828308765
0.390779454172
0.27985971182
0.469162783447
0.825878246643
0.471950612951
0.233701879128
0.433957760034
0.519585094938
0.458150869953
0.298324104006
0.41613885
0.509637930463
0.106884585223
0.415133587263
0.47016695885
0.262964095885
0.360413051453
0.255128332235
0.287275620566
0.410520033037
0.286472662353
0.549655573295
0.519925942846
0.616988797775
0.614816795449
0.0849975406436
0.495155731541
0.735263771262
0.270038468223
0.48117586403
0.260878374459
0.403710681164
0.329677274244
0.466582296367
0.522827968099
0.591371716274
0.437574280536
0.248235200578
0.420263782853
0.537458249825
0.47466139161
0.299709112462
0.335039715805
0.256385732171
0.443501538565
0.476328635719
0.268950536919
0.575912466556
0.421055386871
0.395040718665
0.415682375847
0.267676828608
0.309376594444
0.706558613783
0.289079183241
0.731845070507
0.265436248668
0.451737294691
0.500843894955
0.316444390346
0.197043475634
0.260679802578
0.378707986595
0.612358827769
0.330200883981
0.44056512729
0.58369844146
0.365314811166
0.653305854857
0.419863095568
0.512401192592
0.331740589771
0.52875589147
0.883402861601
0.146813063976
0.837164852572
0.0894388318628
0.509936574642
0.5317024245
0.306427212069
0.188441399943
0.240084938229
0.369927002594
0.0378567204378
0.529946154213
0.287986616147
0.658575835666
0.64410967192
0.172332516419
0.292762444994
0.563687389911
0.252813839473
0.419009818578
0.594717946044
0.606888579604
0.294708145701
0.28649299177
0.445176621675
0.178581506916
0.365608594645
0.702337704087
0.394916020673
0.456622718542
0.393672236938
0.789097526218
0.242915687674
0.560293272139
0.425872213305
0.606139664828
0.389897947163
0.416541247381
0.547909080908
0.598624251578
0.665393676054
0.386065818777
0.283158261585
0.393859551807
0.402162503964
0.20456816028
0.407183950281
0.669848608337
0.306261161321
0.231387137581
0.396713288032
0.611453044521
0.291970000093
0.580096094409
0.447159104233
0.534198191735
0.53964412678
0.448755982046
0.440018584509
0.715472613604
0.582800731383
0.47237739661
0.462295875547
0.175728717458
0.399625802584
0.154610626347
0.56514872338
0.690752566161
0.781792353155
0.642000324332
0.346979593836
0.569655944544
0.743153473518
0.578146977303
0.248609348707
0.582179538888
0.235869743954
0.338027316856
0.454989709223
0.252731246836
0.486402625513
0.436400874433
0.497826393128
0.375557136808
0.316274444346
0.395974761586
0.278966412733
0.268237812884
0.326397924152
0.186845738168
0.45091397795
0.252591296286
0.186361543767
0.22358579349
0.350549778471
0.15921836076
0.541355995166
0.350025070905
0.207702709011
0.33900830457
0.348627866199
0.455411447437
0.381966495777
0.323139687574
0.164152747857
0.232422456957
0.30489773611
0.365287910692
0.287384107568
0.317360703561
0.197373631365
0.69544718678
0.154899618471
0.557524971291
0.238500687846
0.590811223525
0.358090786298
0.378762940236
0.232549498886
0.385706387637
0.186545096236
0.158428222379
0.441121222922
0.623895310303
0.387873570547
0.238792722328
0.50077321807
0.22734460081
0.841246068564
0.50507704988
0.577550118177
0.538270835736
0.549571172949
0.432689707384
0.279348775057
0.403865033866
0.579437812422
0.325435981287
0.48961242716
0.243020675955
0.403067535472
0.490175916618
0.267946477401
0.684986262946
0.660150622943
0.475209770801
0.432774916355
0.4324188877
0.428273881207
0.2416641637
0.22025105163
0.404265584373
0.448793542274
0.405340853132
0.456178178975
0.390155137224
0.177590033878
0.316013004957
0.297280063224
0.299063879769
0.236415014965
0.49715783038
0.357758447739
0.513792378291
0.306285913818
0.439843342994
0.375515873634
0.470772942607
0.405965547385
0.493970120774
0.189047362065
0.408006249854
0.385486950316
0.353671088499
0.234772315647
0.597295857618
0.597118300741
0.537496985201
0.0914102254333
0.428075076633
0.210286591492
0.196503136901
0.345394052121
0.163970801373
0.0936755824288
0.217766777899
0.653290475575
0.223329146397
0.217729123207
0.420304114478
0.528184307669
0.245238594107
0.257585904124
0.509667126411
0.282805092813
0.287962294681
0.459824329084
0.175381017772
0.225710694964
0.407613113702
0.435448122377
0.461131323603
0.135844969024
0.412490866837
0.621622962723
0.671376894887
0.474584312549
0.479938155365
0.393998351496
0.583973987449
0.508827089156
0.253430771363
0.384822957165
0.737560029731
0.367512154885
0.595353699348
0.499483533492
0.324098264654
0.215752099667
0.258565935421
0.664970015932
0.395227840547
0.694054127884
0.499314160023
0.376443185095
0.398818290716
0.174784185825
0.245172430624
0.16375775973
0.299243519023
0.498484279832
0.348481173604
0.37259965682

0.533511915731
0.301002523423
0.182277540084
0.279064376722
0.292160067558
0.321071146039
0.563974232369
0.391348351766
0.161115105206
0.457403867245
0.36520463322
0.352000160517
0.446061591566
0.516616860853
0.477228288316
0.149009783295
0.313919481756
0.482358007263
0.121353061608
0.550569347662
0.365273149149
0.38088768178
0.451842499232
0.564230353865
0.437168039072
0.547686711683
0.462409339077
0.751814573591
0.214772415977
0.739320306527
0.107482547522
0.273855924059
0.360521295133
0.439879794289
0.52184477309
0.368371964293
0.607367409205
0.47160342577
0.155667063219
0.225889390835
0.342722455875
0.188328031871
0.457603243293
0.571155331739
0.394033053488
0.568754535837
0.564974678585
0.432436282342
0.576516281359
0.211808952593
0.266992392089
0.44352213551
0.364390036378
0.287836830925
0.741008750792
0.39004816006
0.741798137708
0.599606389979
0.396546426129
0.425595022824
0.366417317677
0.387357811517
0.177872622583
0.1757564682
0.217778183758
0.65700128112
0.346647771268
0.367166148718
0.518482174635
0.688298564158
0.463018258584
0.495951362591
0.539276378927
0.36858159796
0.390779454172
0.27985971182
0.577732369792
0.471950612951
0.374530780535
0.486376694369
0.233701879128
0.465679662613
0.519585094938
0.298324104006
0.457169953334
0.417019510798
0.106884585223
0.47016695885
0.462144964154
0.679699963615
0.262964095885
0.589019944494
0.287275620566
0.33320102694
0.410520033037
0.507654448865
0.549655573295
0.614816795449
0.599812090808
0.495155731541
0.247203560921
0.558544708889
0.270038468223
0.48117586403
0.511228117895
0.403710681164
0.422917408419
0.522827968099
0.225390356292
0.510828472732
0.591371716274
0.420263782853
0.423778019394
0.537458249825
0.31302746741
0.299709112462
0.391064057788
0.256385732171
0.518392584806
0.747685370073
0.268950536919
0.40077731869
0.575912466556
0.219109336719
0.395040718665
0.496145622995
0.267676828608
0.197954965599
0.706558613783
0.731845070507
0.476481499874
0.53550909864
0.451737294691
0.557696114025
0.197043475634
0.378707986595
0.274710880026
0.612358827769
0.40217320247
0.486499687436
0.44056512729
0.365314811166
0.382703031293
0.489303625208
0.435713316617
0.512401192592
0.691096585854
0.883402861601
0.595958970604
0.837164852572
0.449831915603
0.509936574642
0.328054119365
0.5317024245
0.212055009143
0.240084938229
0.375199555222
0.0378567204378
0.440461313213
0.529946154213
0.468973217942
0.553256072751
0.64410967192
0.172332516419
0.431663207509
0.252813839473
0.508835870851
0.419009818578
0.408941655572
0.294708145701
0.764971324583
0.28649299177
0.34790169916
0.178581506916
0.702337704087
0.495492473879
0.393672236938
0.450194733627
0.441082427556
0.789097526218
0.560293272139
0.44312857384
0.606139664828
0.425547164854
0.44203094518
0.416541247381
0.499222067569
0.665393676054
0.618760113078
0.386065818777
0.434614680928
0.393859551807
0.20456816028
0.343412679334
0.306261161321
0.428302126679
0.463716722953
0.396713288032
0.415345679369
0.611453044521
0.447159104233
0.325247405121
0.534198191735
0.331540124448
0.419978759403
0.440018584509
0.582800731383
0.234980706029
0.429650545959
0.462295875547
0.399625802584
0.609118219368
0.688027899031
0.154610626347
0.463764743212
0.781792353155
0.178557110984
0.642000324332
0.136211300705
0.743153473518
0.578146977303
0.290585402625
0.582179538888
0.235983027505
0.305472899624
0.454989709223
0.370195407381
0.486402625513
0.497826393128
0.712804022173
0.561603285625
0.375557136808
0.643383783788
0.278966412733
0.268237812884
0.333340150292
0.186845738168
0.352391432323
0.186361543767
0.479481278386
0.425477811511
0.350549778471
0.436397809422
0.541355995166
0.488939725205
0.207702709011
0.348627866199
0.551805414821
0.455411447437
0.409377241855
0.323139687574
0.590962867548
0.232422456957
0.287384107568
0.322224565295
0.197373631365
0.428612672212
0.154899618471
0.354486886531
0.238500687846
0.229771768943
0.662157431114
0.358090786298
0.384343570179
0.378762940236
0.385706387637
0.305797008587
0.441121222922
0.406363435622
0.623895310303
0.30750404346
0.774531662247
0.624830293739
0.50077321807
0.487970071558
0.50507704988
0.103478488715
0.538270835736
0.202507547352
0.472478561774
0.549571172949
0.403865033866
0.409677791806
0.579437812422
0.262573137937
0.588535330674
0.243020675955
0.490175916618
0.357447285635
0.519010217498
0.267946477401
0.537838081181
0.475209770801
0.4324188877
0.219674929257
0.2416641637
0.113566801552
0.404265584373
0.45086201753
0.405340853132
0.517320303156
0.408002880042
0.390155137224
0.554031185423
0.177590033878
0.749764855645
0.299063879769
0.236415014965
0.288009025564
0.349721979986
0.513792378291
0.405515533385
0.306285913818
0.375515873634
0.501171949686
0.493970120774
0.280267398736
0.189047362065
0.407373766523
0.385486950316
0.351858269799
0.425306605973
0.234772315647
0.324225346912
0.537496985201
0.31247108289
0.428075076633
0.210286591492
0.246226872791
0.345394052121
0.515580926447
0.0936755824288
0.675359694162
0.568396695384
0.223329146397
0.217729123207
0.615697299931
0.338839355835
0.528184307669
0.391939285925
0.509667126411
0.641338884057
0.287962294681
0.508808449849
0.175381017772
0.225710694964
0.510599539298
0.435448122377
0.480214385428
0.51299804071
0.135844969024
0.621622962723
0.37888750047
0.474584312549
0.165729043535
0.512653232639
0.393998351496
0.253430771363
0.379709662613
0.483053553682
0.710236566916
0.595353699348
0.356552222512
0.317271293527
0.395227840547
0.314436385496
0.499314160023
0.525859666013
0.44071507357

0.245172430624
0.457081383147
0.290057652879
0.16375775973
0.636140887792
0.348481173604
0.37259965682
0.355339879492
0.533511915731
0.443278336094
0.326769199867
0.182277540084
0.480806947831
0.321071146039
0.563974232369
0.620139073208
0.457403867245
0.436266068398
0.375621406183
0.36520463322
0.446061591566
0.625655273603
0.462488039103
0.149009783295
0.313919481756
0.463494076684
0.121353061608
0.476183482105
0.720023546035
0.365273149149
0.673090684057
0.451842499232
0.437168039072
0.611792177112
0.565076719699
0.462409339077
0.417749198877
0.739320306527
0.764384037504
0.273855924059
0.480641695972
0.439879794289
0.52184477309
0.431494928528
0.47160342577
0.332422792808
0.744325559504
0.225889390835
0.342722455875
0.255744920391
0.457603243293
0.21716808708
0.506585402171
0.394033053488
0.441296485133
0.432436282342
0.43138481724
0.576516281359
0.44352213551
0.434330448684
0.409274966892
0.287836830925
0.196557265778
0.741008750792
0.741798137708
0.736395999405
0.409771992134
0.569419302643
0.366417317677
0.250831161624
0.786678100159
0.177872622583
0.1757564682
0.288307628426
0.65700128112
0.220797359588
0.518482174635
0.225227162685
0.463018258584
0.460905821244
0.420887254483
0.495951362591
0.36858159796

0.299848404097
0.577732369792
0.374530780535
0.659524967646
0.520191950676
0.486376694369
0.465679662613
0.52359284702
0.457169953334
0.620546308424
0.417019510798
0.348656849527
0.590136745546
0.462144964154
0.679699963615
0.340584184428
0.298379055264
0.589019944494
0.438291147776
0.33320102694
0.180232831448
0.507654448865
0.599812090808
0.434741550899
0.247203560921
0.550372469888
0.558544708889
0.490397443999
0.60487418826
0.511228117895
0.442581636227
0.422917408419
0.225390356292
0.418903079522
0.510828472732
0.301249380164
0.423778019394
0.512581138958
0.246187802674
0.31302746741
0.391064057788
0.20981479197
0.490249679686
0.518392584806
0.304512621131
0.747685370073
0.40077731869
0.351368438515
0.25218343866
0.219109336719
0.496145622995
0.506814810077
0.456039839592
0.197954965599
0.476481499874
0.223003247753
0.154305384945
0.53550909864
0.185273953857
0.557696114025
0.274710880026
0.120168460022
0.627173141984
0.40217320247
0.486499687436
0.374628191282
0.382703031293
0.333655401381
0.435713316617
0.342184828446
0.361628711862
0.691096585854
0.447666460576
0.595958970604
0.449831915603
0.324332964065
0.328054119365
0.35860273416
0.212055009143
0.200219548011
0.375199555222
0.531102713336
0.440461313213
0.468973217942
0.371944409405
0.553256072751
0.448771575955
0.431663207509
0.675557872193
0.508835870851
0.0917119276886
0.17536410254
0.408941655572
0.553145905307
0.294291713221
0.227695311023
0.764971324583
0.34790169916
0.382179587768
0.33836329101
0.495492473879
0.422045372093
0.450194733627
0.155738008194
0.441082427556
0.379907842669
0.44312857384
0.162601386108
0.425547164854
0.44203094518
0.515291540885
0.499222067569
0.47041256942
0.453578031526
0.618760113078
0.434614680928
0.31355107787
0.343412679334
0.564750689681
0.428302126679
0.271440202238
0.463716722953
0.429031856483
0.415345679369
0.435155426917
0.325247405121
0.363040205773
0.331540124448
0.296780676143
0.419978759403
0.372635077429
0.234980706029
0.504572224547
0.429650545959
0.289255449207
0.339509983061
0.609118219368
0.391884847857
0.688027899031
0.463764743212
0.450858002282
0.178557110984
0.185056917591
0.520363894598
0.136211300705
0.502042207589
0.290585402625
0.235983027505
0.505724433291
0.305472899624
0.504105587297
0.575788934426
0.370195407381
0.351467445036
0.712804022173
0.561603285625
0.367741693477
0.643383783788
0.295722774412
0.423960285337
0.333340150292
0.454959095486
0.352391432323
0.479481278386
0.193309574796
0.425477811511
0.458879049213
0.436397809422
0.541393448281
0.493460051769
0.488939725205
0.223222559527
0.500307839761
0.535429170931
0.551805414821
0.399187849991
0.409377241855
0.277319634697
0.590962867548
0.778313660199
0.322224565295
0.428612672212
0.440756483184
0.47691648425
0.354486886531
0.229771768943
0.2480399546
0.662157431114
0.275339429268
0.384343570179
0.27027913701
0.183810722809
0.305797008587
0.406363435622
0.60311086423
0.30750404346
0.223529059168
0.624830293739
0.487970071558
0.454164340546
0.103478488715
0.484893389312
0.202507547352
0.268464909268
0.472478561774
0.340900370933
0.366673343785
0.409677791806
0.262573137937
0.338662526227
0.588535330674
0.45646286671
0.219948713713
0.357447285635
0.519010217498
0.157109896035
0.537838081181
0.426842774267
0.40968577215
0.219674929257
0.389610039369
0.113566801552
0.45086201753
0.433192123625
0.517320303156
0.396627074045
0.408002880042
0.414392415672
0.554031185423
0.224640465931
0.749764855645
0.226731896784
0.288009025564
0.168424842193
0.349721979986
0.552189421661
0.149421555025
0.405515533385
0.355094454895
0.501171949686
0.497623919981
0.280267398736
0.407373766523
0.503898354855
0.297922443211
0.351858269799
0.425306605973
0.251912074709
0.324225346912
0.172562952126
0.31247108289
0.757697922609
0.345338390525
0.246226872791
0.515580926447
0.299938883484
0.422424158537
0.675359694162
0.608459369075
0.568396695384
0.290351544706
0.615697299931
0.338839355835
0.391800779278
0.391939285925
0.360318305714
0.519499334938
0.641338884057
0.507401383015
0.508808449849
0.361655110628
0.510599539298
0.434597955834
0.480214385428
0.51299804071
0.342927475265
0.282379509703
0.37888750047
0.264173870251
0.512653232639
0.190977773636
0.332180387188
0.379709662613
0.483053553682
0.303209927477
0.710236566916
0.242074609542
0.356552222512
0.515974381903
0.510546973652
0.317271293527
0.41028538242
0.314436385496
0.564016431571
0.525859666013
0.379192815841
0.44071507357
0.354627013524
0.457081383147
0.401300644073
0.290057652879
0.636140887792
0.37061369431
0.355339879492
0.454611113488
0.443278336094
0.427479061753
0.326769199867
0.480806947831
0.364339126728
0.233687959306
0.620139073208
0.436266068398
0.459536037021
0.344809218642
0.375621406183
0.625655273603
0.325753866816
0.540774465641
0.462488039103
0.463494076684
0.153950833021
0.193838204591
0.476183482105
0.301187702164
0.720023546035
0.323420395101
0.673090684057
0.454257861224
0.611792177112
0.303197420088
0.565076719699
0.417749198877
0.294811975498
0.764384037504
0.317670140192
0.480641695972
0.493033298866
0.436088007005
0.431494928528
0.332539091194
0.332422792808
0.744325559504
0.53282875127
0.255744920391
0.425804877499
0.715828641974
0.21716808708
0.754820596079
0.506585402171
0.268946376919
0.441296485133
0.470593840262
0.43138481724
0.434330448684
0.309937496659
0.409274966892
0.621995666491
0.413543969462
0.196557265778
0.270218039471
0.736395999405
0.332375284857
0.409771992134
0.4859553756
0.250831161624
0.420358045657
0.786678100159
0.288307628426
0.220797359588
0.347880767077
0.225227162685
0.393477087002
0.460905821244
0.272182321446
0.420887254483
0.336134424199
0.339327781521
0.301733012146
0.299848404097
0.207569530787
0.66531241245
0.659524967646
0.695518555843
0.520191950676
0.52359284702
0.33432313575
0.620546308424
0.323108119021
0.37779981324
0.348656849527
0.296986637984
0.590136745546
0.456531848165
0.340584184428
0.298379055264
0.603232346942
0.438291147776
0.340283274392
0.180232831448
0.243503258487
0.360217385183
0.434741550899
0.412178176142
0.550372469888
0.620163731394
0.490397443999
0.60487418826
0.409409079385
0.442581636227
0.428500689718
0.418903079522
0.205037198542
0.301249380164
0.317073965509
0.512581138958
0.289835855317
0.246187802674
0.339593060583
0.20548335332
0.20981479197
0.490249679686
0.26691403353
0.415219561022
0.304512621131
0.351368438515
0.416575837562
0.36596454254
0.25218343866
0.383330751841
0.506814810077
0.456039839592
0.750998860926
0.223003247753
0.494957137313
0.154305384945
0.381269447006
0.185273953857
0.144239890699
0.120168460022
0.46526965481
0.211097364928
0.627173141984
0.374628191282
0.458185785802
0.333655401381
0.223270357026
0.342184828446
0.441768673998
0.361628711862
0.29832114876
0.447666460576
0.579621838274
0.480754568081
0.169020175453
0.324332964065
0.497393105232
0.35860273416
0.538045412813
0.200219548011
0.622682425112
0.531102713336
0.263926615561
0.371944409405
0.717703696326
0.448771575955
0.471054541993
0.675557872193
0.221803518355
0.0917119276886
0.460295836577
0.17536410254
0.200028826102
0.294291713221
0.317073771513
0.227695311023
0.412423656184
0.382179587768
0.198932134452
0.33836329101
0.728178630289
0.422045372093
0.445880256008
0.155738008194
0.45945798597
0.379907842669
0.264176618886
0.162601386108
0.689041744079
0.515291540885
0.171992241118
0.47041256942
0.251472488162
0.453578031526
0.35283922675
0.31355107787
0.345372452421
0.564750689681
0.271828983059
0.271440202238
0.307307060887
0.429031856483
0.317220183094
0.435155426917
0.173610688174
0.363040205773
0.301661299602
0.296780676143
0.634994167303
0.372635077429
0.376193938519
0.504572224547
0.650302919683
0.289255449207
0.303307728227
0.339509983061
0.331612456333
0.391884847857
0.727979150705
0.450858002282
0.529852016399
0.185056917591
0.192982447525
0.520363894598
0.419403469553
0.502042207589
0.507451779259
0.505724433291
0.332008373469
0.504105587297
0.285968989671
0.575788934426
0.453303406374
0.351467445036
0.366100562195
0.367741693477
0.655139187229
0.295722774412
0.366947562526
0.423960285337
0.429553857247
0.454959095486
0.368104563781
0.193309574796
0.321220367843
0.458879049213
0.478675531965
0.541393448281
0.41866441988
0.493460051769
0.249548818159
0.223222559527
0.25554189385
0.535429170931
0.263591467081
0.399187849991
0.629351598651
0.277319634697
0.623423488928
0.778313660199
0.307981332948
0.440756483184
0.558624984166
0.47691648425
0.565301359845
0.2480399546
0.340507975667
0.275339429268
0.310499924699
0.27027913701
0.364019202231
0.183810722809
0.393018212292
0.296262911178
0.672404367773
0.60311086423
0.612616048153
0.223529059168
0.326377566682
0.454164340546
0.601548154869
0.484893389312
0.293274530994
0.268464909268
0.171237611703
0.340900370933
0.361379487005
0.366673343785
0.463528219848
0.338662526227
0.24748728896
0.45646286671
0.360363348895
0.219948713713
0.528489352294
0.157109896035
0.675549956365
0.426842774267
0.249649613826
0.40968577215
0.300868912123
0.389610039369
0.551267146931
0.433192123625
0.487735186136
0.396627074045
0.624073884466
0.414392415672
0.465581687666
0.224640465931
0.230119501224
0.226731896784
0.468735546667
0.168424842193
0.365014066973
0.552189421661
0.408930934733
0.149421555025
0.315105693227
0.355094454895
0.412716885454
0.497623919981
0.237507144686
0.503898354855
0.235930826225
0.297922443211
0.375506151712
0.251912074709
0.491581635173
0.172562952126
0.586951790703
0.757697922609
0.477044597337
0.345338390525
0.503616823597
0.299938883484
0.663791734951
0.422424158537
0.148646828449
0.608459369075
0.667860622069
0.290351544706
0.525298691252
0.391800779278
0.391865148451
0.360318305714
0.240083803404
0.519499334938
0.30628299848
0.507401383015
0.364570471352
0.361655110628
0.432819214442
0.434597955834
0.464741217693
0.342927475265
0.452866681099
0.282379509703
0.51269015746
0.264173870251
0.667434532875
0.190977773636
0.391201621238
0.332180387188
0.376565089757
0.303209927477
0.229510563683
0.242074609542
0.527713906695
0.515974381903
0.534144130817
0.510546973652
0.321833302281
0.41028538242
0.35860990623
0.564016431571
0.356221881373
0.379192815841
0.565174348154
0.354627013524
0.534400898506
0.401300644073
0.491960433958
0.37061369431
0.618294642479
0.454611113488
0.322796665647
0.521289165757
0.37620732035
0.427479061753
0.459647453904
0.364339126728
0.443222520321
0.233687959306
0.478522206865
0.459536037021
0.440539739294
0.344809218642
0.83270436191
0.325753866816
0.301087378791
0.540774465641
0.421171629333
0.153950833021
0.332853569508
0.193838204591
0.28548767515
0.301187702164
0.141876607589
0.323420395101
0.43979397149
0.454257861224
0.262791845471
0.303197420088
0.615614541106
0.294811975498
0.60379464714
0.317670140192
0.169126476707
0.493033298866
0.273588690354
0.436088007005
0.212361589426
0.332539091194
0.314723708565
0.53282875127
0.604401337479
0.425804877499
0.418877217165
0.715828641974
0.468567906481
0.754820596079
0.341033144844
0.268946376919
0.354170826434
0.470593840262
0.388300132824
0.309937496659
0.316249387481
0.621995666491
0.620383435168
0.413543969462
0.297589299778
0.270218039471
0.380604129924
0.332375284857
0.479239599884
0.4859553756
0.668593142382
0.420358045657
0.58378900777
0.368084459583
0.34115473986
0.347880767077
0.619504505788
0.393477087002
0.485205968017
0.272182321446
0.291466495007
0.336134424199
0.297188207143
0.301733012146
0.293523060719
0.207569530787
0.294621551578
0.66531241245
0.625928362387
0.695518555843
0.348261058343
0.33432313575
0.378119703187
0.323108119021
0.417114074274
0.37779981324
0.337741477805
0.296986637984
0.294389265347
0.456531848165
0.363341952103
0.603232346942
0.275555163232
0.340283274392
0.48207260822
0.243503258487
0.169583187169
0.360217385183
0.421120006859
0.412178176142
0.365817066252
0.620163731394
0.405391087966
0.409409079385
0.517819181216
0.428500689718
0.527199522262
0.205037198542
0.25010596941
0.317073965509
0.499408763045
0.289835855317
0.480685414313
0.339593060583
0.390990339128
0.20548335332
0.337837965511
0.26691403353
0.471048409651
0.415219561022
0.596772782059
0.416575837562
0.125343697224
0.36596454254
0.182857136709
0.383330751841
0.402090734845
0.750998860926
0.34671624033
0.494957137313
0.449005675615
0.381269447006
0.341066436012
0.144239890699
0.546489218994
0.46526965481
0.456728037672
0.211097364928
0.613898859299
0.458185785802
0.486790130919
0.223270357026
0.316499764849
0.441768673998
0.366085731128
0.29832114876
0.3079290437
0.579621838274
0.217940654833
0.169020175453
0.260695814895
0.497393105232
0.337910913258
0.538045412813
0.272497235652
0.622682425112
0.411173979972
0.263926615561
0.354249735654
0.717703696326
0.400752743491
0.471054541993
0.31724785903
0.221803518355
0.257396904247
0.460295836577
0.677925741677
0.200028826102
0.417758827533
0.317073771513
0.255304870601
0.412423656184
0.496901000305
0.198932134452
0.392145011608
0.728178630289
0.623253376054
0.445880256008
0.555218617794
0.45945798597
0.326341207549
0.264176618886
0.171230830238
0.689041744079
0.53574920088
0.171992241118
0.137139535447
0.251472488162
0.311469885535
0.35283922675
0.170013028732
0.345372452421
0.359887093054
0.271828983059
0.470848934515
0.307307060887
0.482855146503
0.317220183094
0.487648275509
0.173610688174
0.443134458958
0.301661299602
0.299186062216
0.634994167303
0.466033708312
0.376193938519
0.474905114518
0.650302919683
0.451531431552
0.303307728227
0.494166497759
0.331612456333
0.5313048775
0.727979150705
0.346815912174
0.529852016399
0.481042634032
0.192982447525
0.276403588361
0.419403469553
0.219582415525
0.507451779259
0.226808478185
0.332008373469
0.33129637526
0.285968989671
0.336890489589
0.453303406374
0.158644735746
0.366100562195
0.461205149701
0.655139187229
0.401909719718
0.366947562526
0.463703712497
0.429553857247
0.272833818237
0.368104563781
0.587511289412
0.321220367843
0.623822256402
0.478675531965
0.199203687645
0.41866441988
0.211855485081
0.249548818159
0.237771622286
0.25554189385
0.232201684243
0.263591467081
0.271507675245
0.629351598651
0.396452007262
0.623423488928
0.420417330634
0.307981332948
0.2183905496
0.558624984166
0.311096975242
0.565301359845
0.539541455813
0.340507975667
0.719887294098
0.310499924699
0.414832608436
0.364019202231
0.402890910381
0.393018212292
0.272379793092
0.672404367773
0.432275881278
0.612616048153
0.285460790851
0.326377566682
0.267033080639
0.601548154869
0.444552805616
0.293274530994
0.328992463172
0.171237611703
0.486917138887
0.361379487005
0.452028959309
0.463528219848
0.533744681629
0.24748728896
0.635016853458
0.360363348895
0.513431324978
0.528489352294
0.367782473278
0.675549956365
0.22408662348
0.249649613826
0.231222996615
0.300868912123
0.311959667976
0.551267146931
0.3752580015
0.487735186136
0.663961429249
0.624073884466
0.507122524817
0.465581687666
0.54228215581
0.230119501224
0.18204182011
0.468735546667
0.231261062144
0.365014066973
0.469419777767
0.408930934733
0.483032776134
0.315105693227
0.483148196724
0.412716885454
0.218479006884
0.237507144686
0.625244247929
0.235930826225
0.494105759155
0.375506151712
0.317495552882
0.491581635173
0.297395389397
0.586951790703
0.374684901014
0.477044597337
0.283966931487
0.503616823597
0.202021071125
0.663791734951
0.371444424762
0.148646828449
0.677687079326
0.667860622069
0.23751802116
0.525298691252
0.378148162379
0.391865148451
0.273942814218
0.240083803404
0.136233323757
0.30628299848
0.173482565215
0.364570471352
0.810604498102
0.432819214442
0.596267764707
0.464741217693
0.546866634014
0.452866681099
0.516239286327
0.51269015746
0.449095328155
0.667434532875
0.62278786754
0.391201621238
0.150519727403
0.376565089757
0.318890392864
0.229510563683
0.658892313554
0.527713906695
0.345905859919
0.534144130817
0.210425875652
0.321833302281
0.374256010077
0.35860990623
0.247949156465
0.356221881373
0.628952202708
0.565174348154
0.517271449977
0.534400898506
0.525784371084
0.491960433958
0.439735231823
0.618294642479
0.63192804515
0.322796665647
0.303643122168
0.37620732035
0.754350811301
0.459647453904
0.407984445023
0.443222520321
0.461022743198
0.478522206865
0.376342812059
0.440539739294
0.456418248996
0.83270436191
0.369891610287
0.301087378791
0.307061349834
0.421171629333
0.296079774274
0.332853569508
0.311143959945
0.28548767515
0.427696337395
0.141876607589
0.564790270061
0.43979397149
0.333498627153
0.262791845471
0.333371698241
0.615614541106
0.766045618576
0.60379464714
0.531373613495
0.169126476707
0.576617318579
0.273588690354
0.338005368253
0.212361589426
0.38450020563
0.314723708565
0.660835926594
0.604401337479
0.694443758312
0.418877217165
0.545759673097
0.468567906481
0.387991366137
0.341033144844
0.203059516357
0.354170826434
0.175527292488
0.388300132824
0.358097019657
0.316249387481
0.287098868781
0.620383435168
0.430607523059
0.297589299778
0.277058172143
0.380604129924
0.449507946061
0.479239599884
0.359008373415
0.668593142382
0.394661145171
0.58378900777
0.373296524748
0.34115473986
0.501625697025
0.619504505788
0.389314079594
0.485205968017
0.373627377141
0.291466495007
0.495620757027
0.297188207143
0.434382175854
0.293523060719
0.248187548628
0.294621551578
0.414043353723
0.625928362387
0.400843690655
0.348261058343
0.202671242919
0.378119703187
0.245797892787
0.417114074274
0.343260901511
0.337741477805
0.180301334776
0.294389265347
0.219254603118
0.363341952103
0.531135686741
0.275555163232
0.297999794714
0.48207260822
0.251513558898
0.169583187169
0.53673449445
0.421120006859
0.221254160345
0.365817066252
0.388709800015
0.405391087966
0.531700297937
0.517819181216
0.522881559861
0.527199522262
0.662300694123
0.25010596941
0.392342946261
0.499408763045
0.230840593938
0.480685414313
0.294120740565
0.390990339128
0.499235370828
0.337837965511
0.211774887364
0.471048409651
0.599745478348
0.596772782059
0.475658786767
0.125343697224
0.63375721924
0.182857136709
0.247126894635
0.402090734845
0.155899884105
0.34671624033
0.285474611206
0.449005675615
0.251214657494
0.341066436012
0.521906703403
0.546489218994
0.352106644008
0.456728037672
0.475390765338
0.613898859299
0.220177665881
0.486790130919
0.61652936695
0.316499764849
0.313919579479
0.366085731128
0.60111600735
0.3079290437
0.331928679368
0.217940654833
0.343274232561
0.260695814895
0.55843621891
0.337910913258
0.395386553218
0.272497235652
0.579221361025
0.411173979972
0.433274806075
0.354249735654
0.269942379026
0.400752743491
0.396338212407
0.31724785903
0.286757435791
0.257396904247
0.438542507499
0.677925741677
0.369654545675
0.417758827533
0.432825963403
0.255304870601
0.460771681107
0.496901000305
0.558012165885
0.392145011608
0.463421180804
0.623253376054
0.506501169806
0.555218617794
0.288714098034
0.326341207549
0.700473260076
0.171230830238
0.21146426497
0.53574920088
0.311220533521
0.137139535447
0.499288917821
0.311469885535
0.545078508032
0.170013028732
0.624684340647
0.359887093054
0.45137455536
0.470848934515
0.440407865555
0.482855146503
0.685215699168
0.487648275509
0.366725560631
0.443134458958
0.673213360638
0.299186062216
0.469776306663
0.466033708312
0.306026531514
0.474905114518
0.343837353693
0.451531431552
0.201474892993
0.494166497759
0.352780304577
0.5313048775
0.512144401692
0.346815912174
0.333695194622
0.481042634032
0.633203690851
0.276403588361
0.606089035907
0.219582415525
0.343647102721
0.226808478185
0.618342375606
0.33129637526
0.647329250108
0.336890489589
0.338964424189
0.158644735746
0.662650499152
0.461205149701
0.629533173595
0.401909719718
0.312561337911
0.463703712497
0.668191787888
0.272833818237
0.443940451265
0.587511289412
0.541114517121
0.623822256402
0.484736679477
0.199203687645
0.386472445314
0.211855485081
0.614768802988
0.237771622286
0.265128450878
0.232201684243
0.291714294831
0.271507675245
0.454865576893
0.396452007262
0.278871544325
0.420417330634
0.390743874027
0.2183905496
0.198194346333
0.311096975242
0.207060821342
0.539541455813
0.493943304226
0.719887294098
0.318601078879
0.414832608436
0.36151132736
0.402890910381
0.442169155583
0.272379793092
0.540300604318
0.432275881278
0.473935234154
0.285460790851
0.430834061284
0.267033080639
0.313781905477
0.444552805616
0.398590131783
0.328992463172
0.34049575136
0.486917138887
0.340330758293
0.452028959309
0.392903790038
0.533744681629
0.535209762003
0.635016853458
0.218280325837
0.513431324978
0.352326233849
0.367782473278
0.245000037335
0.22408662348
0.60507538855
0.231222996615
0.606861282866
0.311959667976
0.452504912535
0.3752580015
0.270323560703
0.663961429249
0.417116095783
0.507122524817
0.596232867868
0.54228215581
0.686520360741
0.18204182011
0.379132591576
0.231261062144
0.297423241215
0.469419777767
0.305407831971
0.483032776134
0.489841793236
0.483148196724
0.516548990037
0.218479006884
0.386590240848
0.625244247929
0.49909626611
0.494105759155
0.545416167625
0.317495552882
0.542459355335
0.297395389397
0.692241308899
0.374684901014
0.643956462334
0.283966931487
0.662660532299
0.202021071125
0.447658028415
0.371444424762
0.52771037517
0.677687079326
0.458802096483
0.23751802116
0.478349124238
0.378148162379
0.607324078906
0.273942814218
0.405194093716
0.136233323757
0.715481831248
0.173482565215
0.118400155109
0.810604498102
0.592190044582
0.596267764707
0.288545955994
0.546866634014
0.587277847953
0.516239286327
0.415873358586
0.449095328155
0.294997770395
0.62278786754
0.668172790729
0.150519727403
0.397634934337
0.318890392864
0.500439292184
0.658892313554
0.356251746455
0.345905859919
0.622931729124
0.210425875652
0.411545998844
0.374256010077
0.315181989869
0.247949156465
0.736755479929
0.628952202708
0.54046950744
0.517271449977
0.516157811871
0.525784371084
0.445352582206
0.439735231823
0.521877320436
0.63192804515
0.250427170867
0.303643122168
0.18582691596
0.754350811301
0.388564707507
0.407984445023
0.351615083229
0.461022743198
0.428446277523
0.376342812059
0.740633334941
0.456418248996
0.612947140085
0.369891610287
0.688610977186
0.307061349834
0.513604263579
0.296079774274
0.538352513376
0.311143959945
0.846649387974
0.427696337395
0.279189003311
0.564790270061
0.360201811034
0.333498627153
0.283857997559
0.333371698241
0.237901004537
0.766045618576
0.237227234476
0.531373613495
0.353208721417
0.576617318579
0.573541807709
0.338005368253
0.440468102419
0.38450020563
0.409384863125
0.660835926594
0.521040123215
0.694443758312
0.444302851764
0.545759673097
0.549446274852
0.387991366137
0.621660623708
0.203059516357
0.535784397344
0.175527292488
0.207815922089
0.358097019657
0.242128557922
0.287098868781
0.555365146531
0.430607523059
0.274163924685
0.277058172143
0.267793910752
0.449507946061
0.545913993689
0.359008373415
0.438860585782
0.394661145171
0.415610455477
0.373296524748
0.321709128513
0.501625697025
0.471400065912
0.389314079594
0.32044147283
0.373627377141
0.343525125858
0.495620757027
0.381402295747
0.434382175854
0.39625221523
0.248187548628
0.247256908931
0.414043353723
0.270810112306
0.400843690655
0.668776019851
0.202671242919
0.413006956005
0.245797892787
0.709715000291
0.343260901511
0.348165486413
0.180301334776
0.433562741974
0.219254603118
0.43472637121
0.531135686741
0.263860010404
0.297999794714
0.182660042257
0.251513558898
0.370066392454
0.53673449445
0.706521009783
0.221254160345
0.194266693146
0.388709800015
0.429404702206
0.531700297937
0.332816021639
0.522881559861
0.463075188917
0.662300694123
0.499145105637
0.392342946261
0.263182149692
0.230840593938
0.16981460688
0.294120740565
0.223553360697
0.499235370828
0.304567010711
0.211774887364
0.558407612534
0.599745478348
0.378282771022
0.475658786767
0.421316784407
0.63375721924
0.65603827979
0.247126894635
0.498100536482
0.155899884105
0.253546992447
0.285474611206
0.538201171123
0.251214657494
0.430121064155
0.521906703403
0.357749334172
0.352106644008
0.700370950111
0.475390765338
0.463032952054
0.220177665881
0.655827266038
0.61652936695
0.695287459392
0.313919579479
0.405451683775
0.60111600735
0.395524471503
0.331928679368
0.392423563662
0.343274232561
0.335187940221
0.55843621891
0.271272199782
0.395386553218
0.441997395832
0.579221361025
0.407738998803
0.433274806075
0.542023810749
0.269942379026
0.573956964081
0.396338212407
0.165511716609
0.286757435791
0.335078414003
0.438542507499
0.41284551788
0.369654545675
0.285139151237
0.432825963403
0.264546182315
0.460771681107
0.175303524051
0.558012165885
0.52412440814
0.463421180804
0.331002634449
0.506501169806
0.659052628601
0.288714098034
0.712007500729
0.700473260076
0.468133916375
0.21146426497
0.427713138485
0.311220533521
0.459828877478
0.499288917821
0.536975732112
0.545078508032
0.273172041634
0.624684340647
0.339114725392
0.45137455536
0.232481872905
0.440407865555
0.602899962567
0.685215699168
0.469096242704
0.366725560631
0.256625465852
0.673213360638
0.69098116169
0.469776306663
0.384781975005
0.306026531514
0.313808100211
0.343837353693
0.571429703656
0.201474892993
0.274452940953
0.352780304577
0.231734492535
0.512144401692
0.3307368164
0.333695194622
0.319447769615
0.633203690851
0.388674024797
0.606089035907
0.282900557519
0.343647102721
0.204874715647
0.618342375606
0.362502500108
0.647329250108
0.437522368015
0.338964424189
0.322181359618
0.662650499152
0.301798368083
0.629533173595
0.700574763003
0.312561337911
0.47206079711
0.668191787888
0.450193456236
0.443940451265
0.493012614056
0.541114517121
0.663882858206
0.484736679477
0.62790246995
0.386472445314
0.333872971925
0.614768802988
0.646190971418
0.265128450878
0.525123271413
0.291714294831
0.416114994343
0.454865576893
0.324713179357
0.278871544325
0.146473096506
0.390743874027
0.219872039974
0.198194346333
0.404863721419
0.207060821342
0.270322072871
0.493943304226
0.659839680499
0.318601078879
0.400836961081
0.36151132736
0.391327203609
0.442169155583
0.360459104589
0.540300604318
0.696094295678
0.473935234154
0.427835674848
0.430834061284
0.324264660904
0.313781905477
0.4093840394
0.398590131783
0.516523903285
0.34049575136
0.402101810617
0.340330758293
0.564858580005
0.392903790038
0.623978263562
0.535209762003
0.262999156223
0.218280325837
0.201259241279
0.352326233849
0.377660738551
0.245000037335
0.19021917316
0.60507538855
0.261724287672
0.606861282866
0.290996494989
0.452504912535
0.521831545774
0.270323560703
0.397695866605
0.417116095783
0.399221460001
0.596232867868
0.1418890736
0.686520360741
0.25578581053
0.379132591576
0.279419631255
0.297423241215
0.19688240214
0.305407831971
0.388368369158
0.489841793236
0.650199765967
0.516548990037
0.504643886855
0.386590240848
0.382545382593
0.49909626611
0.552042336896
0.545416167625
0.569761715719
0.542459355335
0.247028364303
0.692241308899
0.383367061978
0.643956462334
0.155503736897
0.662660532299
0.161317711603
0.447658028415
0.509089206687
0.52771037517
0.235783113258
0.458802096483
0.222754161281
0.478349124238
0.452227594376
0.607324078906
0.437103573715
0.405194093716
0.814155915273
0.715481831248
0.233211905375
0.118400155109
0.298816760378
0.592190044582
0.254812099928
0.288545955994
0.508779442085
0.587277847953
0.611645286415
0.415873358586
0.6537114659
0.294997770395
0.48914243
0.668172790729
0.28902844276
0.397634934337
0.497469633376
0.500439292184
0.404653249287
0.356251746455
0.267507679882
0.622931729124
0.276499908558
0.411545998844
0.244241397632
0.315181989869
0.61854839312
0.736755479929
0.673740187104
0.54046950744
0.657060203442
0.516157811871
0.321942218056
0.445352582206
0.432175464695
0.521877320436
0.234167680551
0.250427170867
0.385250694891
0.18582691596
0.485723147215
0.388564707507
0.30061780344
0.351615083229
0.623007928107
0.428446277523
0.330515654476
0.740633334941
0.634879812453
0.612947140085
0.226778501951
0.688610977186
0.640059526981
0.513604263579
0.233856752567
0.538352513376
0.366479927915
0.846649387974
0.357790614789
0.279189003311
0.239017122054
0.360201811034
0.246583286424
0.283857997559
0.352102338642
0.237901004537
0.61644208101
0.237227234476
0.280341418886
0.353208721417
0.46896761332
0.573541807709
0.57480978608
0.440468102419
0.409384863125
0.521040123215
0.444302851764
0.549446274852
0.621660623708
0.535784397344
0.207815922089
0.242128557922
0.555365146531
0.274163924685
0.267793910752
0.545913993689
0.438860585782
0.415610455477
0.321709128513
0.471400065912
0.32044147283
0.343525125858
0.381402295747
0.39625221523
0.247256908931
0.270810112306
0.668776019851
0.413006956005
0.709715000291
0.348165486413
0.433562741974
0.43472637121
0.263860010404
0.182660042257
0.370066392454
0.706521009783
0.194266693146
0.429404702206
0.332816021639
0.463075188917
0.499145105637
0.263182149692
0.16981460688
0.223553360697
0.304567010711
0.558407612534
0.378282771022
0.421316784407
0.65603827979
0.498100536482
0.253546992447
0.538201171123
0.430121064155
0.357749334172
0.700370950111
0.463032952054
0.655827266038
0.695287459392
0.405451683775
0.395524471503
0.392423563662
0.335187940221
0.271272199782
0.441997395832
0.407738998803
0.542023810749
0.573956964081
0.165511716609
0.335078414003
0.41284551788
0.285139151237
0.264546182315
0.175303524051
0.52412440814
0.331002634449
0.659052628601
0.712007500729
0.468133916375
0.427713138485
0.459828877478
0.536975732112
0.273172041634
0.339114725392
0.232481872905
0.602899962567
0.469096242704
0.256625465852
0.69098116169
0.384781975005
0.313808100211
0.571429703656
0.274452940953
0.231734492535
0.3307368164
0.319447769615
0.388674024797
0.282900557519
0.204874715647
0.362502500108
0.437522368015
0.322181359618
0.301798368083
0.700574763003
0.47206079711
0.450193456236
0.493012614056
0.663882858206
0.62790246995
0.333872971925
0.646190971418
0.525123271413
0.416114994343
0.324713179357
0.146473096506
0.219872039974
0.404863721419
0.270322072871
0.659839680499
0.400836961081
0.391327203609
0.360459104589
0.696094295678
0.427835674848
0.324264660904
0.4093840394
0.516523903285
0.402101810617
0.564858580005
0.623978263562
0.262999156223
0.201259241279
0.377660738551
0.19021917316
0.261724287672
0.290996494989
0.521831545774
0.397695866605
0.399221460001
0.1418890736
0.25578581053
0.279419631255
0.19688240214
0.388368369158
0.650199765967
0.504643886855
0.382545382593
0.552042336896
0.569761715719
0.247028364303
0.383367061978
0.155503736897
0.161317711603
0.509089206687
0.235783113258
0.222754161281
0.452227594376
0.437103573715
0.814155915273
0.233211905375
0.298816760378
0.254812099928
0.508779442085
0.611645286415
0.6537114659
0.48914243
0.28902844276
0.497469633376
0.404653249287
0.267507679882
0.276499908558
0.244241397632
0.61854839312
0.673740187104
0.657060203442
0.321942218056
0.432175464695
0.234167680551
0.385250694891
0.485723147215
0.30061780344
0.623007928107
0.330515654476
0.634879812453
0.226778501951
0.640059526981
0.233856752567
0.366479927915
0.357790614789
0.239017122054
0.246583286424
0.352102338642
0.61644208101
0.280341418886
0.46896761332
0.57480978608
0.469871334781
0.588344114682
0.479766186139
0.606100963561
0.286464614405
0.396572075438
0.648534190958
0.181165948866
0.128902955122
0.543095558373
0.461721842487
0.421971015535
0.541175203772
0.506492809377
0.537397454588
0.398969403857
0.735632430979
0.20827082479
0.51434155328
0.527486479345
0.409572187206
0.544972914593
0.450749002893
0.43390219471
0.191897474438
0.509789859238
0.427686523755
0.35513009872
0.451697506532
0.418711694286
0.279226305066
0.488688331054
0.373914813652
0.432948804402
0.145537716859
0.293783176323
0.249850912119
0.210082787589
0.579847918727
0.460834532444
0.542558491232
0.550942271946
0.585383970863
